id,inn,half,scoreA,scoreB,ball,strk,out,b1,b2,b3,b1Idx,b2Idx,b3Idx,pCnt,pSec,pName,pHand,pType,pPow,spdK,zoneX,zoneY,startX,startY,targetX,targetY,zDist,pitchAngle,pOver,pSide,pUnder,call,balk,sH,sV,gyro,plx,plz,bSwing,bIdx,bPos,bZone,bName,bHCm,batLen,batCen,batType,bFps,bOS,bVR,hSec,rotS,rotL,shS,lgS,prepS,batSpd,ev,ldeg,sdeg,hPos,buntGrip,handDist,angVeloX,angVeloY,angVeloZ,PPosX,PPosY,PThrSpd,CName,CPosX,CPosY,CThrSpd,1BName,1BPosX,1BPosY,1BThrSpd,2BName,2BPosX,2BPosY,2BThrSpd,3BName,3BPosX,3BPosY,3BThrSpd,SSName,SSPosX,SSPosY,SSThrSpd,LFName,LFPosX,LFPosY,LFThrSpd,CFName,CFPosX,CFPosY,CFThrSpd,RFName,RFPosX,RFPosY,RFThrSpd,ltSec,lx,lz,cSec,cPos,cPlr,cx,cz,1BSafe,tag,cpSec,sb2Sec,sb3Sec,sbhSec,ass,result
1,1,1,0,0,0,0,0,0,0,0,255,255,255,0,1321.764,"Pring__",R,26,90,140,-0.607,0.27,0.105,1.378,-0.441,1.662,-36.186,16.558,25,75,0,0,0,134.255,-158.611,20.013,0.007,-17.889,0,0,8,L,"NABIMan",190,83.228,0.48,0,106,W,Y,0,0,0,0,0,0,0,0,0,0,0,0,0,0,0,0,-0.022,-37.568,0,"HalF_HearteD",-0.132,-17.078,0,"Pugeuk",-20.041,-47.472,0,"Rite_",-9.894,-61.681,0,"magimari",17.63,-45.77,0,"alcohol500",13.463,-62.237,0,"horisen",41.663,-101.16,0,"紅さかな",-0.02,-118.373,0,"Pizzallaris",-44.533,-97.51,0,0,0,0,0,0,"",0,0,0,0,1323.805,,,,0,0
2,1,1,0,0,0,1,0,0,0,0,255,255,255,1,1341.452,"Pring__",R,3,80,105,-0.574,-0.224,0.378,1.413,0.553,1.736,-36.186,33.6,0,100,0,2,0,-436.783,182.976,6.085,0,0,1,0,8,L,"NABIMan",190,83.228,0.48,3,106,W,Y,1342.486,136,154,36,106,91,120,114,-30,16.277,0.22,0,0.213,91.716,261.754,161.866,-0.156,-36.921,0,"HalF_HearteD",-0.127,-16.888,0,"Pugeuk",-19.564,-47.976,85,"Rite_",-9.863,-63.564,85,"magimari",17.679,-45.285,0,"alcohol500",14.015,-61.434,0,"horisen",41.661,-101.119,0,"紅さかな",1.315,-121.078,0,"Pizzallaris",-44.523,-97.523,0,1341.261,-0.542,-22.215,1343.203,3,"Rite_",-10.696,-56.75,0,0,,,,,74,2
3,1,1,0,0,0,0,1,0,0,0,255,255,255,2,1368.945,"Pring__",R,13,88,111,-2.286,-1.282,0.12,1.379,-0.559,1.229,-36.186,16.504,13,87,0,4,0,-301.765,398.67,8.457,0,0,1,1,2,L,"ʚEveɞ",190,80,0.404,0,105,W,Y,0,0,0,0,0,0,0,0,0,0,0,0,0,0,0,0,0.128,-37.429,0,"HalF_HearteD",-0.05,-16.749,0,"Pugeuk",-19.445,-47.436,0,"Rite_",-12.921,-63.065,0,"magimari",17.605,-45.83,0,"alcohol500",11.015,-63.041,0,"horisen",41.249,-101.336,0,"紅さかな",0.713,-120.533,0,"Pizzallaris",-44.519,-97.521,0,0,0,0,0,0,"",0,0,0,0,1369.065,,,,0,0
4,1,1,0,0,0,1,1,0,0,0,255,255,255,3,1387.952,"Pring__",R,10,89,114,1.141,-1.292,0.358,1.402,0.489,1.28,-36.186,27.115,49,51,0,2,0,-1.647,400,9.893,0,0,1,1,2,L,"ʚEveɞ",190,80,0.404,3,104,W,Y,1388.953,255,156,127,88,48,145,116,-30,-39.737,0.89,0,0.626,112.785,325.323,109.603,-0.08,-36.891,0,"HalF_HearteD",-0.072,-16.961,0,"Pugeuk",-19.133,-47.18,80,"Rite_",-12.76,-62.778,0,"magimari",17.803,-45.69,101,"alcohol500",11.208,-63.17,0,"horisen",41.183,-101.307,0,"紅さかな",4.074,-119.903,0,"Pizzallaris",-44.522,-97.53,0,1387.718,1.04,-22.274,1389.07,4,"magimari",18.013,-42.769,0,2,,,,,76,2
5,1,1,0,0,0,0,2,0,0,0,255,255,255,4,1413.41,"Pring__",R,3,72,100,-0.339,-0.46,0.489,1.434,0.586,1.349,-36.186,47.266,0,100,0,0,0,-450.548,0,-4.347,0,0,0,2,0,R,"인생최패망자",190,80,0.351,0,104,W,Y,0,0,0,0,0,0,0,0,0,0,0,0,0,0,0,0,-0.013,-37.653,0,"HalF_HearteD",-0.071,-16.775,0,"Pugeuk",-21.336,-48.316,0,"Rite_",-14.322,-60.735,0,"magimari",16.648,-45.677,0,"alcohol500",9.941,-62.083,0,"horisen",41.426,-100.387,0,"紅さかな",-0.25,-116.987,0,"Pizzallaris",-44.359,-97.453,0,0,0,0,0,0,"",0,0,0,0,1413.688,,,,0,0
6,1,1,0,0,0,1,2,0,0,0,255,255,255,5,1430.206,"Pring__",R,13,84,108,0.529,-0.78,0.576,1.535,0.856,1.568,-36.186,44.422,50,50,0,0,0,-357.848,342.284,0.055,0,0,0,2,0,R,"인생최패망자",190,80,0.351,0,104,W,Y,0,0,0,0,0,0,0,0,0,0,0,0,0,0,0,0,-0.051,-37.547,0,"HalF_HearteD",-0.035,-16.811,0,"Pugeuk",-21.61,-48.474,0,"Rite_",-14.369,-60.615,0,"magimari",16.674,-45.768,0,"alcohol500",9.986,-62.404,0,"horisen",41.414,-100.374,0,"紅さかな",-0.555,-117.085,0,"Pizzallaris",-44.358,-97.456,0,0,0,0,0,0,"",0,0,0,0,1430.461,,,,0,0
7,1,1,0,0,0,2,2,0,0,0,255,255,255,6,1445.78,"Pring__",R,32,88,140,-1.003,0.845,0.147,1.52,-0.711,2.123,-36.186,15.189,0,100,0,2,0,171.379,-105.743,21.761,0,0,1,2,0,R,"인생최패망자",190,80,0.351,3,104,W,Y,1446.841,255,74,128,106,60,145,97,60.696,41.941,-0.48,0,0.403,220.81,27.145,19.881,-0.076,-37.267,0,"HalF_HearteD",-0.294,-17.197,0,"Pugeuk",-21.729,-48.732,0,"Rite_",-14.311,-60.45,0,"magimari",16.526,-45.729,0,"alcohol500",10.929,-62.07,85,"horisen",41.455,-100.394,0,"紅さかな",0.111,-117.193,0,"Pizzallaris",-44.359,-97.475,113,1451.636,-44.543,-66.453,1453.288,8,"Pizzallaris",-47.935,-68.389,1,0,,1456.767,,,265,2
8,1,1,0,0,0,0,2,0,1,0,255,0,255,7,1487.089,"Pring__",R,32,87,140,0.699,0.913,0.321,1.502,0.1,2.064,-36.186,33.169,0,100,0,2,0,176.586,-157.811,6.483,0,0,1,3,1,R,"sano jpn",190,92.118,0.561,3,63,W,Y,1488.167,142,70,141,78,25,145,130,31.663,18.985,0.34,0.048,0.315,147.929,187.583,-37.157,-0.131,-37.032,0,"HalF_HearteD",-0.056,-16.724,0,"Pugeuk",-21.856,-48.39,0,"Rite_",-14.529,-59.686,0,"magimari",16.306,-47.149,0,"alcohol500",7.198,-62.044,0,"horisen",42.475,-101.102,0,"紅さかな",-5.38,-122.379,0,"Pizzallaris",-50.638,-98.984,0,1492.459,-42.902,-128.08,0,0,"",0,0,0,0,,1498.12,1492.114,1496.962,8,4
9,1,1,2,0,0,0,2,0,0,0,255,255,255,8,1532.895,"Pring__",R,13,81,106,-0.335,-0.613,0.427,1.552,0.393,1.605,-36.186,33.24,21,79,0,0,0,-357.797,334.869,6.251,0,0,0,4,4,R,"P0TA0",190,96.215,0.525,0,101,W,Y,0,0,0,0,0,0,0,0,0,0,0,0,0,0,0,0,0.114,-37.586,0,"HalF_HearteD",-0.195,-16.822,0,"Pugeuk",-20.537,-46.974,0,"Rite_",-15.223,-62.191,0,"magimari",17.052,-45.292,0,"alcohol500",9.913,-62.96,0,"horisen",41.826,-101.415,0,"紅さかな",-0.085,-119.408,0,"Pizzallaris",-49.299,-102.745,0,0,0,0,0,0,"",0,0,0,0,1532.957,,,,0,0
10,1,1,2,0,0,1,2,0,0,0,255,255,255,9,1548.219,"Pring__",R,10,87,113,-0.67,-0.919,0.253,1.512,-0.147,1.517,-36.186,26.527,55,45,0,0,0,-90.035,400,10.747,0,0,1,4,4,R,"P0TA0",190,96.215,0.525,0,101,W,Y,0,0,0,0,0,0,0,0,0,0,0,0,0,0,0,0,-0.088,-37.636,0,"HalF_HearteD",-0.319,-16.731,0,"Pugeuk",-20.704,-47.099,0,"Rite_",-15.24,-62.207,0,"magimari",16.202,-45.881,0,"alcohol500",11.061,-61.933,0,"horisen",41.886,-101.537,0,"紅さかな",0.323,-119.563,0,"Pizzallaris",-49.291,-102.752,0,0,0,0,0,0,"",0,0,0,0,1548.351,,,,0,0
11,1,1,2,0,0,2,2,0,0,0,255,255,255,10,1568.465,"Pring__",R,3,90,128,-4.847,-0.211,-0.032,1.324,-1.543,1.487,-36.186,8.463,0,100,0,1,0,-398.66,0.706,26.478,0,0,0,4,4,R,"P0TA0",190,96.215,0.525,0,101,W,Y,0,0,0,0,0,0,0,0,0,0,0,0,0,0,0,0,-0.244,-37.71,0,"HalF_HearteD",-0.721,-16.777,0,"Pugeuk",-20.767,-46.98,0,"Rite_",-15.201,-62.169,0,"magimari",16.963,-45.098,0,"alcohol500",9.374,-62.63,0,"horisen",41.949,-101.491,0,"紅さかな",-2.71,-119.511,0,"Pizzallaris",-49.203,-102.927,0,0,0,0,0,0,"",0,0,0,0,1568.505,,,,0,0
12,1,1,2,0,1,2,2,0,0,0,255,255,255,11,1583.407,"Pring__",R,13,87,110,-2.61,-0.934,0.138,1.29,-0.503,1.469,-36.186,23.159,16,84,0,2,0,-363.817,342.983,11.297,0,0,0,4,4,R,"P0TA0",190,96.215,0.525,3,101,W,Y,1584.471,255,106,121,98,41,145,91,25.649,56.27,0.98,0,0.184,467.827,-290.466,6.642,-0.189,-37.221,0,"HalF_HearteD",-0.412,-16.782,0,"Pugeuk",-20.761,-47.019,0,"Rite_",-15.214,-62.165,0,"magimari",16.468,-45.189,0,"alcohol500",9.742,-63.498,0,"horisen",41.888,-101.482,0,"紅さかな",-1.845,-121.531,0,"Pizzallaris",-49.205,-102.933,0,1586.443,-51.996,-56.502,0,0,"",0,0,0,0,,,,,8,3
13,1,1,2,0,1,2,2,0,0,0,255,255,255,12,1603.659,"Pring__",R,3,77,103,1.068,-0.052,0.628,1.354,1.326,1.607,-36.186,52.942,0,100,0,0,0,-460.726,0,-0.95,0,0,1,4,4,R,"P0TA0",190,96.215,0.525,0,100,W,Y,0,0,0,0,0,0,0,0,0,0,0,0,0,0,0,0,0.047,-36.781,0,"HalF_HearteD",0.126,-16.607,0,"Pugeuk",-20.884,-46.794,0,"Rite_",-16.032,-60.947,0,"magimari",16.679,-44.782,0,"alcohol500",10.189,-64.077,0,"horisen",41.879,-101.581,0,"紅さかな",-5.144,-122.702,0,"Pizzallaris",-49.543,-103.516,0,0,0,0,0,0,"",0,0,0,0,1603.749,,,,0,0
14,1,0,2,0,0,0,0,0,0,0,255,255,255,0,1701.245,"인생최패망자",R,33,68,108,-0.836,-0.883,0.694,1.049,-0.637,1.063,-36.739,59.987,0,29,71,0,0,130.297,-51.603,1.593,0,0,0,0,8,R,"Pizzallaris",174.6,88,0.501,0,99,W,Y,0,0,0,0,0,0,0,0,0,0,0,0,0,0,0,0,0.247,-37.666,0,"sano jpn",-0.079,-17.502,0,"ʚEveɞ",-21.317,-47.347,0,"白霜らいふ",-13.903,-63.711,0,"P0TA0",18.863,-46.498,0,"ibqrqki",10.329,-64.118,0,"あおいぬ",42.703,-103.334,0,"カズティー",-0.292,-115.769,0,"NABIMan",-53.102,-102.947,0,0,0,0,0,0,"",0,0,0,0,1701.409,,,,0,0
15,1,0,2,0,0,1,0,0,0,0,255,255,255,1,1718.365,"인생최패망자",R,3,87,112,-2.709,-0.55,0.774,1.252,-0.389,1.31,-36.739,68.32,8,92,0,4,0,-440.196,0,3.48,0,0,1,0,8,R,"Pizzallaris",174.6,88,0.501,0,99,W,Y,0,0,0,0,0,0,0,0,0,0,0,0,0,0,0,0,0.027,-37.724,0,"sano jpn",-1.138,-17.525,0,"ʚEveɞ",-20.575,-47.815,0,"白霜らいふ",-14.069,-63.562,0,"P0TA0",17.998,-47.614,0,"ibqrqki",10.723,-63.477,0,"あおいぬ",42.679,-103.277,0,"カズティー",-0.312,-115.67,0,"NABIMan",-51.541,-97.766,0,0,0,0,0,0,"",0,0,0,0,1718.513,,,,0,0
16,1,0,2,0,0,2,0,0,0,0,255,255,255,2,1734.096,"인생최패망자",R,32,79,129,2.679,0.184,0.962,1.396,0.755,1.647,-36.739,72.151,5,95,0,2,0,250,-65.551,0.069,0,0,1,0,8,R,"Pizzallaris",174.6,88,0.501,3,99,W,Y,1735.207,255,146,144,96,91,145,83,-48.619,-42.371,-0.9,0.095,0.211,534.47,53.466,31.034,0.532,-37.008,0,"sano jpn",0.21,-17.36,0,"ʚEveɞ",-20.58,-47.831,0,"白霜らいふ",-13.747,-63.554,0,"P0TA0",19.586,-46.43,117,"ibqrqki",11.049,-63.578,0,"あおいぬ",41.621,-95.748,0,"カズティー",-0.344,-115.67,0,"NABIMan",-52.704,-99.526,0,1733.905,1.141,-19.123,1736.449,4,"P0TA0",22.208,-42.344,0,0,,,,,22,2
17,1,0,2,0,0,2,0,0,0,0,255,255,255,3,1781.91,"인생최패망자",R,3,78,105,-3.61,-0.203,0.661,1.34,-0.74,1.518,-36.739,51.126,1,99,0,4,0,-422.961,0,18.749,0,0,1,0,8,R,"Pizzallaris",174.6,88,0.501,0,97,W,Y,0,0,0,0,0,0,0,0,0,0,0,0,0,0,0,0,-0.064,-37.816,0,"sano jpn",-0.225,-19.532,0,"ʚEveɞ",-21.83,-48.383,0,"白霜らいふ",-13.214,-64.061,0,"P0TA0",19.008,-46.318,0,"ibqrqki",10.639,-63.811,0,"あおいぬ",37.311,-95.722,0,"カズティー",-0.712,-113.944,0,"NABIMan",-52.446,-98.893,0,0,0,0,0,0,"",0,0,0,1,1782.097,,,,0,0
18,1,0,2,0,0,0,1,0,0,0,255,255,255,4,1813.561,"인생최패망자",R,3,78,104,-3.155,-0.602,0.718,1.25,-0.565,1.298,-36.739,59.647,4,96,0,2,0,-472.727,0,16.699,0,0,1,1,3,R,"Rite_",170,80,0.455,3,47,W,Y,1814.672,255,213,108,84,64,145,104,12.612,30.211,0.89,0,0.35,44.65,329.122,120.741,0.073,-37.228,0,"sano jpn",-0.692,-17.437,0,"ʚEveɞ",-21.815,-48.805,0,"白霜らいふ",-12.308,-62.381,0,"P0TA0",18.29,-46.711,0,"ibqrqki",10.71,-63.481,0,"あおいぬ",42.875,-100.065,0,"カズティー",-0.663,-113.895,0,"NABIMan",-56.19,-100.46,77,1816.088,-33.525,-71.108,1817.667,8,"NABIMan",-45.582,-87.552,1,0,,,,,5,2
19,1,0,2,0,0,0,1,1,0,0,13,255,255,5,1843.758,"인생최패망자",R,32,89,140,-2.049,-0.711,0.539,1.123,-1.213,1.076,-36.739,36.47,3,57,40,1,0,249.626,-117.945,9.55,0,0,0,2,4,R,"magimari",190,84.655,0.353,0,96,W,Y,0,0,0,0,0,0,0,0,0,0,0,0,0,0,0,0,0.225,-37.404,0,"sano jpn",0.074,-17.349,0,"ʚEveɞ",-20.129,-44.592,0,"白霜らいふ",-13.74,-62.005,0,"P0TA0",18.741,-45.145,0,"ibqrqki",8.287,-62.037,0,"あおいぬ",40.545,-97.817,0,"カズティー",0.142,-122.915,0,"NABIMan",-51.903,-98.618,0,0,0,0,0,0,"",0,0,0,0,1843.786,,,,0,0
20,1,0,2,0,1,0,1,1,0,0,13,255,255,6,1855.651,"인생최패망자",R,32,90,140,1.909,-0.509,0.918,1.189,0.55,1.289,-36.739,65.706,6,94,0,2,0,182.642,-18.397,5.659,0,0,1,2,4,R,"magimari",190,84.655,0.353,3,96,W,Y,1856.709,255,77,115,82,36,145,130,-30,-29.643,0.65,0,0.511,-311.09,-179.425,67.05,0.36,-37.062,0,"sano jpn",0.066,-17.33,0,"ʚEveɞ",-18.37,-42.992,101,"白霜らいふ",-13.706,-62.137,107,"P0TA0",18.709,-45.248,118,"ibqrqki",9.526,-63.076,0,"あおいぬ",40.545,-101.901,0,"カズティー",0.149,-123.222,0,"NABIMan",-52.313,-97.167,0,1855.455,0.996,-20.02,1856.763,4,"P0TA0",14.758,-44.092,0,0,,1861.601,,,86,2
21,1,0,2,0,0,0,2,1,1,0,10,13,255,7,1913.404,"인생최패망자",R,32,83,135,1.847,0.738,0.899,1.507,0.461,2.003,-36.739,69.407,0,100,0,4,0,250,-85.692,6.823,0,0,1,4,1,R,"HalF_HearteD",190,82,0.446,0,94,W,Y,0,0,0,0,0,0,0,0,0,0,0,0,0,0,0,0,0.17,-37.322,0,"sano jpn",0.146,-17.246,0,"ʚEveɞ",-19.405,-44.58,0,"白霜らいふ",-12.66,-62.722,0,"P0TA0",18.426,-46.191,0,"ibqrqki",7.798,-63.711,0,"あおいぬ",38.679,-100.631,0,"カズティー",-1.251,-123.144,0,"NABIMan",-54.591,-98.775,0,0,0,0,0,0,"",0,0,0,0,1913.501,1916.179,,,0,0
22,1,0,2,0,0,1,2,1,1,0,10,13,255,8,1929.424,"인생최패망자",R,3,86,109,-4.439,-0.834,0.578,1.151,-1,1.116,-36.739,52.743,2,52,46,4,0,-495.455,0,12.093,0,0,1,4,1,R,"HalF_HearteD",190,82,0.446,0,94,W,Y,0,0,0,0,0,0,0,0,0,0,0,0,0,0,0,0,-0.072,-37.79,0,"sano jpn",-0.032,-18.007,0,"ʚEveɞ",-20.205,-42.918,0,"白霜らいふ",-14.147,-62.383,0,"P0TA0",18.513,-46.815,0,"ibqrqki",10.105,-64.265,0,"あおいぬ",41.81,-103.795,0,"カズティー",-0.259,-120.997,0,"NABIMan",-54.279,-98.551,0,0,0,0,0,0,"",0,0,0,0,1929.601,1932.427,,,0,0
23,1,0,2,0,0,2,2,1,1,0,10,13,255,9,1945.003,"인생최패망자",R,3,81,107,-3.906,-0.714,0.625,1.186,-0.851,1.193,-36.739,66.423,4,54,42,1,0,-442.035,0,5.584,0,0,0,4,1,R,"HalF_HearteD",190,82,0.446,0,94,W,Y,0,0,0,0,0,0,0,0,0,0,0,0,0,0,0,0,0.135,-37.459,0,"sano jpn",-0.091,-17.506,0,"ʚEveɞ",-20.487,-44.449,0,"白霜らいふ",-14.258,-63.408,0,"P0TA0",18.145,-45.565,0,"ibqrqki",8.791,-65.15,0,"あおいぬ",42.068,-104.072,0,"カズティー",-0.784,-120.199,0,"NABIMan",-52.662,-98.211,0,0,0,0,0,0,"",0,0,0,0,1945.195,1947.521,,,0,0
24,1,0,2,0,1,2,2,1,1,0,10,13,255,10,1960.374,"인생최패망자",R,32,89,140,2.108,0.816,0.935,1.525,0.627,2.06,-36.739,60.464,3,97,0,2,0,190.089,-81.461,5.14,0,0,1,4,1,R,"HalF_HearteD",190,82,0.446,3,94,W,Y,1961.425,194,95,71,81,27,145,121,-30,30.203,0.18,0,0.234,-288.505,429.213,114.376,0.243,-37.069,0,"sano jpn",0.203,-17.324,0,"ʚEveɞ",-18.864,-47.139,0,"白霜らいふ",-14.106,-63.306,0,"P0TA0",18.725,-46.419,0,"ibqrqki",10.365,-65.464,0,"あおいぬ",40.944,-104.618,0,"カズティー",-0.693,-119.076,0,"NABIMan",-53.456,-98.928,0,1960.255,-0.851,-20.902,1961.69,2,"ʚEveɞ",-15.406,-45.548,0,8,,,,,10,2
25,2,1,2,0,0,0,0,0,0,0,255,255,255,13,2014.422,"Pring__",R,32,81,132,2.745,0.861,0.402,1.473,0.941,1.997,-36.186,44.502,0,100,0,1,0,205.938,-120.22,-4.523,0,0,0,5,7,R,"カズティー",175,84.645,0.33,0,93,W,Y,0,0,0,0,0,0,0,0,0,0,0,0,0,0,0,0,0.034,-37.39,0,"HalF_HearteD",-0.055,-16.724,0,"Pugeuk",-21.006,-47.811,0,"Rite_",-13.275,-61.248,0,"magimari",16.728,-46.041,0,"alcohol500",10.817,-63.71,0,"horisen",41.301,-100.984,0,"紅さかな",0.592,-120.553,0,"Pizzallaris",-44.997,-97.411,0,0,0,0,0,0,"",0,0,0,0,2014.501,,,,0,0
26,2,1,2,0,1,0,0,0,0,0,255,255,255,14,2028.542,"Pring__",R,32,84,137,0.217,-0.031,0.164,1.326,-0.168,1.481,-36.186,26.817,0,100,0,2,0,194.662,-126.687,10.079,0,0,0,5,7,R,"カズティー",175,84.645,0.33,3,93,W,Y,2029.642,255,63,87,58,38,145,84,-37.609,18.461,-0.85,0.095,0.728,-259.901,145.011,-477.738,-0.123,-37.157,0,"HalF_HearteD",-0.092,-16.776,0,"Pugeuk",-20.869,-47.776,83,"Rite_",-12.833,-61.828,79,"magimari",16.568,-46.014,0,"alcohol500",11.105,-63.771,0,"horisen",41.414,-101.027,0,"紅さかな",0.948,-120.858,0,"Pizzallaris",-44.993,-97.482,0,2028.363,-0.31,-20.502,2030.851,3,"Rite_",-10.724,-51.726,0,0,,,,,74,2
27,2,1,2,0,0,0,1,0,0,0,255,255,255,15,2055.668,"Pring__",R,13,88,111,-2.162,-0.581,0.089,1.352,-0.344,1.6,-36.186,21.145,0,100,0,1,0,-412.867,282.031,8.841,0,0,0,6,3,R,"白霜らいふ",175.2,80,0.653,0,92,W,Y,0,0,0,0,0,0,0,0,0,0,0,0,0,0,0,0,-0.126,-37.493,0,"HalF_HearteD",-0.003,-16.567,0,"Pugeuk",-21.3,-47.933,0,"Rite_",-13.111,-61.703,0,"magimari",16.437,-46.231,0,"alcohol500",8.169,-63.701,0,"horisen",41.499,-101.115,0,"紅さかな",-0.057,-118.087,0,"Pizzallaris",-44.942,-98.746,0,0,0,0,0,0,"",0,0,0,0,2055.909,,,,0,0
28,2,1,2,0,1,0,1,0,0,0,255,255,255,16,2071.465,"Pring__",R,26,91,140,-1.895,-1.033,-0.019,1.348,-1.019,0.855,-36.186,14.882,26,74,0,2,0,102.278,-173.906,21.664,0,0,1,6,3,R,"白霜らいふ",175.2,80,0.653,3,92,W,Y,2072.608,255,160,58,100,38,137,105,10.533,44.825,0.89,0,0.58,22.778,62.152,6.856,-0.117,-37.224,0,"HalF_HearteD",-0.145,-16.744,0,"Pugeuk",-21.25,-48.022,96,"Rite_",-13.224,-61.931,0,"magimari",16.369,-46.159,0,"alcohol500",7.974,-63.583,0,"horisen",43.157,-102.637,0,"紅さかな",-0.135,-118.078,0,"Pizzallaris",-44.932,-98.741,0,0,0,0,2072.926,2,"Pugeuk",-24.148,-43.129,0,0,,,,,72,1
29,2,1,2,0,0,0,2,0,0,0,255,255,255,17,2094.952,"Pring__",R,32,84,136,4.681,1.131,0.265,1.477,-0.16,1.289,-36.186,30.555,18,82,0,2,0,171.421,-158.443,9.296,0,0,1,7,5,L,"ibqrqki",164.9,86.539,0.451,3,92,W,Y,2096.063,203,41,54,28,10,132,88,-6.573,2.966,-0.03,0,0.149,-11.974,7.24,-0.213,-0.23,-37.111,94,"HalF_HearteD",-0.187,-16.799,0,"Pugeuk",-19.071,-47.959,0,"Rite_",-11.536,-61.818,0,"magimari",16.919,-45.031,0,"alcohol500",11.192,-59.73,0,"horisen",41.63,-101.413,0,"紅さかな",0.55,-118.524,0,"Pizzallaris",-43.211,-93.777,0,2094.961,-0.261,-25.419,2095.859,0,"Pring__",-0.863,-37.002,0,0,,,,,204,2
30,2,0,2,0,0,0,0,0,0,0,255,255,255,11,2145.265,"인생최패망자",R,32,77,127,1.755,-1.243,0.894,1.076,0.439,0.854,-36.739,69.25,13,29,58,2,0,218.971,-46.993,-3.562,0,0,1,5,7,R,"紅さかな",173.2,86,0.422,3,91,W,Y,2146.446,173,125,97,100,37,145,95,7.61,10.243,-0.27,0,0.224,-9.108,589.927,-109.104,0.249,-37.136,0,"sano jpn",0.082,-17.726,0,"ʚEveɞ",-20.756,-48.049,95,"白霜らいふ",-12.701,-62.97,99,"P0TA0",19.298,-46.67,0,"ibqrqki",10.13,-65.106,0,"あおいぬ",42.252,-104.479,0,"カズティー",0.586,-119.619,0,"NABIMan",-50.151,-98.043,0,2146.732,-9.039,-57.814,2147.016,3,"白霜らいふ",-8.64,-56.533,0,0,,,,,70,2
31,2,0,2,0,0,0,1,0,0,0,255,255,255,12,2168.148,"인생최패망자",R,32,85,137,2.744,0.554,0.993,1.474,0.898,1.891,-36.739,68.354,4,96,0,1,0,215.279,-84.067,2.63,0,0,0,6,2,R,"Pugeuk",190,86.201,0.347,0,91,W,Y,0,0,0,0,0,0,0,0,0,0,0,0,0,0,0,0,0.297,-37.456,0,"sano jpn",0.243,-17.578,0,"ʚEveɞ",-20.91,-47.55,0,"白霜らいふ",-14.023,-63.329,0,"P0TA0",19.159,-46.857,0,"ibqrqki",10.252,-65.695,0,"あおいぬ",39.421,-99.699,0,"カズティー",0.172,-121.713,0,"NABIMan",-52.824,-101.223,0,0,0,0,0,0,"",0,0,0,0,2168.134,,,,0,0
32,2,0,2,0,1,0,1,0,0,0,255,255,255,13,2179.403,"인생최패망자",R,32,90,140,0.895,0.599,0.804,1.476,0.019,1.897,-36.739,52.469,2,98,0,0,0,250,-111.856,11.479,0,0,0,6,2,R,"Pugeuk",190,86.201,0.347,0,91,W,Y,0,0,0,0,0,0,0,0,0,0,0,0,0,0,0,0,0.181,-37.335,0,"sano jpn",0.191,-17.572,0,"ʚEveɞ",-21.233,-47.964,0,"白霜らいふ",-14.029,-63.321,0,"P0TA0",18.914,-46.971,0,"ibqrqki",10.184,-65.417,0,"あおいぬ",39.875,-100.397,0,"カズティー",0.204,-121.69,0,"NABIMan",-54.41,-101.834,0,0,0,0,0,0,"",0,0,0,0,2179.424,,,,0,0
33,2,0,2,0,1,1,1,0,0,0,255,255,255,14,2197.939,"인생최패망자",R,3,83,110,-2.217,-0.727,0.725,1.181,-0.233,1.179,-36.739,66.281,4,66,30,1,0,-399.683,0,0.593,0,0,0,6,2,R,"Pugeuk",190,86.201,0.347,0,91,W,Y,0,0,0,0,0,0,0,0,0,0,0,0,0,0,0,0,0.118,-37.427,0,"sano jpn",-0.094,-17.52,0,"ʚEveɞ",-21.244,-47.84,0,"白霜らいふ",-14.169,-63.233,0,"P0TA0",19.605,-46.546,0,"ibqrqki",10.198,-65.424,0,"あおいぬ",40.486,-106.093,0,"カズティー",0.201,-121.671,0,"NABIMan",-55.384,-103.178,0,0,0,0,0,0,"",0,0,0,0,2198.107,,,,0,0
34,2,0,2,0,2,1,1,0,0,0,255,255,255,15,2211.853,"인생최패망자",R,32,90,140,1.009,0.648,0.831,1.492,0.143,1.951,-36.739,46.928,1,99,0,0,0,195.4,-85.47,8.553,0,0,1,6,2,R,"Pugeuk",190,86.201,0.347,0,91,W,Y,0,0,0,0,0,0,0,0,0,0,0,0,0,0,0,0,0.386,-37.149,0,"sano jpn",0.092,-17.506,0,"ʚEveɞ",-21.275,-47.859,0,"白霜らいふ",-14.101,-63.046,0,"P0TA0",18.696,-45.791,0,"ibqrqki",10.136,-65.438,0,"あおいぬ",42.08,-104.861,0,"カズティー",0.198,-121.689,0,"NABIMan",-52.953,-107.75,0,0,0,0,0,0,"",0,0,0,0,2211.824,,,,0,0
35,2,0,2,0,2,2,1,0,0,0,255,255,255,16,2231.626,"인생최패망자",R,32,93,140,0.539,1.542,0.778,1.568,-0.102,2.519,-36.739,45.831,0,100,0,2,0,226.056,-80.649,17.727,0,0,1,6,2,R,"Pugeuk",190,86.201,0.347,3,91,W,Y,2232.698,96,24,73,15,9,120,77,-8.354,59.062,0.97,0,0.504,-310.969,420.575,-293.964,0.23,-37.152,0,"sano jpn",0.109,-17.403,0,"ʚEveɞ",-21.47,-48.209,0,"白霜らいふ",-14.071,-63.069,0,"P0TA0",18.769,-45.691,0,"ibqrqki",10.362,-65.17,0,"あおいぬ",42.08,-104.833,0,"カズティー",0.359,-124.595,0,"NABIMan",-54.383,-103.542,0,2231.911,-10.131,-25.086,0,0,"",0,0,0,0,,,,,4,3
36,2,0,2,0,2,2,1,0,0,0,255,255,255,17,2246.369,"인생최패망자",R,3,77,105,-0.971,-0.707,0.736,1.226,0.368,1.196,-36.739,82.098,3,97,0,0,0,-405.385,0,4.585,0,0,1,6,2,R,"Pugeuk",190,86.201,0.347,0,74,W,Y,0,0,0,0,0,0,0,0,0,0,0,0,0,0,0,0,0.061,-37.682,0,"sano jpn",0.615,-20.032,0,"ʚEveɞ",-21.564,-46.893,0,"白霜らいふ",-16.831,-62.267,0,"P0TA0",18.395,-46.094,0,"ibqrqki",10.14,-65.265,0,"あおいぬ",36.41,-102.85,0,"カズティー",-5.168,-120.25,0,"NABIMan",-54.466,-103.628,0,0,0,0,0,0,"",0,0,0,64,2246.563,,,,0,0
37,2,0,2,0,0,0,2,0,0,0,255,255,255,18,2268.112,"인생최패망자",R,32,93,140,-2.37,0.669,0.609,1.475,-1.354,1.923,-36.739,33.577,1,99,0,1,0,250,-77.389,12.407,0,0,0,7,6,L,"horisen",174.7,94.856,0.448,0,89,W,Y,0,0,0,0,0,0,0,0,0,0,0,0,0,0,0,0,0.139,-37.544,0,"sano jpn",-0.273,-17.426,0,"ʚEveɞ",-21.438,-48.672,0,"白霜らいふ",-5.333,-65.208,0,"P0TA0",21.229,-46.541,0,"ibqrqki",12.734,-64.187,0,"あおいぬ",45.987,-99.757,0,"カズティー",5.306,-121.231,0,"NABIMan",-49.13,-108.33,0,0,0,0,0,0,"",0,0,0,0,2268.126,,,,0,0
38,2,0,2,0,0,1,2,0,0,0,255,255,255,19,2283.947,"인생최패망자",R,32,94,140,-1.164,-1.153,0.723,1.091,-0.824,0.915,-36.739,44.773,7,32,62,1,0,213.203,-39.511,3.747,-1.821,-19.312,0,7,6,L,"horisen",174.7,94.856,0.448,0,89,W,Y,0,0,0,0,0,0,0,0,0,0,0,0,0,0,0,0,0.264,-37.678,0,"sano jpn",-1.335,-18.437,0,"ʚEveɞ",-21.378,-48.666,0,"白霜らいふ",-6.995,-66.342,0,"P0TA0",21.165,-46.645,0,"ibqrqki",12.909,-63.796,0,"あおいぬ",47.918,-95.418,0,"カズティー",-0.68,-120.782,0,"NABIMan",-45.127,-113.328,0,0,0,0,0,0,"",0,0,0,0,2285.884,,,,0,0
39,2,0,2,0,0,2,2,0,0,0,255,255,255,20,2299.058,"인생최패망자",R,32,92,140,0.085,-0.873,0.835,1.233,-0.301,1.064,-36.739,52.016,6,94,0,0,0,226.24,-47.968,4.17,0,0,0,7,6,L,"horisen",174.7,94.856,0.448,0,89,W,Y,0,0,0,0,0,0,0,0,0,0,0,0,0,0,0,0,0.321,-37.217,0,"sano jpn",0.447,-17.189,0,"ʚEveɞ",-21.612,-48.774,0,"白霜らいふ",-6.796,-67.182,0,"P0TA0",21.133,-46.723,0,"ibqrqki",12.56,-63.695,0,"あおいぬ",44.752,-98.566,0,"カズティー",-0.674,-120.776,0,"NABIMan",-44.542,-114.73,0,0,0,0,0,0,"",0,0,0,0,2299.105,,,,0,0
40,3,1,2,0,0,0,0,0,0,0,255,255,255,18,2354.995,"Pring__",R,32,86,139,-0.081,0.372,0.236,1.375,-0.298,1.653,-36.186,27.785,0,100,0,0,0,230.263,-200,9.09,0,0,0,8,6,R,"あおいぬ",175.3,90.486,0.43,0,89,W,Y,0,0,0,0,0,0,0,0,0,0,0,0,0,0,0,0,-0.024,-37.507,0,"HalF_HearteD",0.042,-16.726,0,"Pugeuk",-21.074,-48.531,0,"Rite_",-14.422,-62.369,0,"magimari",16.9,-47.003,0,"alcohol500",8.132,-64.314,0,"horisen",40.174,-102.459,0,"紅さかな",-8.358,-122.404,0,"Pizzallaris",-44.72,-98.485,0,0,0,0,0,0,"",0,0,0,0,2355.17,,,,0,0
41,3,1,2,0,0,1,0,0,0,0,255,255,255,19,2373.736,"Pring__",R,13,76,102,-0.532,-1.205,0.441,1.471,0.438,1.41,-36.186,40.827,0,100,0,4,0,-352.369,324.955,0.101,-0.345,-17.302,1,8,6,R,"あおいぬ",175.3,90.486,0.43,0,89,W,Y,0,0,0,0,0,0,0,0,0,0,0,0,0,0,0,0,-0.197,-37.822,0,"HalF_HearteD",-0.173,-16.606,0,"Pugeuk",-21.624,-48.63,0,"Rite_",-14.471,-62.414,0,"magimari",16.403,-47.287,0,"alcohol500",9.171,-64.465,0,"horisen",42.935,-100.446,0,"紅さかな",-9.019,-121.475,0,"Pizzallaris",-44.797,-99.297,0,0,0,0,0,0,"",0,0,0,0,2374.13,,,,0,0
42,3,1,2,0,0,2,0,0,0,0,255,255,255,20,2390.772,"Pring__",R,13,85,109,-2.36,-1.341,0.181,1.419,-0.368,1.288,-36.186,25.77,47,53,0,4,0,-374.098,327.828,14.799,0,0,1,8,6,R,"あおいぬ",175.3,90.486,0.43,0,89,W,Y,0,0,0,0,0,0,0,0,0,0,0,0,0,0,0,0,-0.071,-37.726,0,"HalF_HearteD",-0.138,-16.641,0,"Pugeuk",-21.647,-48.557,0,"Rite_",-14.155,-61.26,0,"magimari",16.382,-47.244,0,"alcohol500",9.368,-64.224,0,"horisen",42.917,-100.463,0,"紅さかな",-9.034,-121.495,0,"Pizzallaris",-48.813,-100.345,0,0,0,0,0,0,"",0,0,0,0,2391.016,,,,0,0
43,3,1,2,0,0,0,1,0,0,0,255,255,255,21,2451.836,"Pring__",R,13,78,104,0.904,-0.827,0.544,1.518,1.068,1.53,-36.186,45.18,9,91,0,0,0,-365.984,316.473,-0.049,0,0,1,0,8,L,"NABIMan",190,83.228,0.48,0,87,W,Y,0,0,0,0,0,0,0,0,0,0,0,0,0,0,0,0,0.174,-37.536,0,"HalF_HearteD",-0.062,-16.551,0,"Pugeuk",-19.894,-48.225,0,"Rite_",-10.602,-62.658,0,"magimari",17.778,-45.642,0,"alcohol500",11.725,-63.801,0,"horisen",41.915,-100.232,0,"紅さかな",0.512,-122.023,0,"Pizzallaris",-47.785,-101.067,0,0,0,0,0,0,"",0,0,0,0,2452.109,,,,0,0
44,3,1,2,0,0,1,1,0,0,0,255,255,255,22,2469.536,"Pring__",R,10,86,112,0.388,-1.144,0.3,1.451,0.312,1.385,-36.186,26.955,49,51,0,4,0,-88.423,400,8.061,-0.015,-16.903,1,0,8,L,"NABIMan",190,83.228,0.48,0,28,W,Y,0,0,0,0,0,0,0,0,0,0,0,0,0,0,0,0,-0.124,-37.731,0,"HalF_HearteD",-0.05,-16.608,0,"Pugeuk",-19.826,-48.419,0,"Rite_",-10.005,-62.671,0,"magimari",17.549,-45.513,0,"alcohol500",12.044,-63.768,0,"horisen",41.965,-100.293,0,"紅さかな",0.382,-122.436,0,"Pizzallaris",-47.696,-101.37,0,0,0,0,0,0,"",0,0,0,0,2469.732,,,,0,0
45,3,1,2,0,0,2,1,0,0,0,255,255,255,23,2489.373,"Pring__",R,13,87,111,-2.386,-1.086,0.182,1.423,-0.367,1.324,-36.186,21.085,47,53,0,2,0,-390.434,312.348,19.811,0,0,1,0,8,L,"NABIMan",190,83.228,0.48,3,87,W,Y,2490.439,255,254,185,157,100,145,109,-30,-20.955,0.93,0,0.172,-65.26,-130.535,385.664,0.108,-37.063,0,"HalF_HearteD",-0.187,-16.782,0,"Pugeuk",-19.689,-48.423,86,"Rite_",-10.593,-62.21,0,"magimari",17.203,-45.163,0,"alcohol500",11.699,-62.427,107,"horisen",41.996,-100.271,0,"紅さかな",0.886,-121.863,0,"Pizzallaris",-47.686,-101.637,0,2489.18,0.102,-22.869,2491.051,5,"alcohol500",13.37,-57.237,0,0,,,,,328,2
46,3,1,2,0,0,0,2,0,0,0,255,255,255,24,2516.515,"Pring__",R,32,90,140,-0.569,0.366,0.082,1.386,-0.549,1.688,-36.186,21.182,31,69,0,0,0,234.407,-200,22.088,0,0,0,1,2,L,"ʚEveɞ",190,80,0.404,0,87,W,Y,0,0,0,0,0,0,0,0,0,0,0,0,0,0,0,0,0.294,-37.395,0,"HalF_HearteD",0.016,-16.638,0,"Pugeuk",-19.547,-46.778,0,"Rite_",-9.027,-62.336,0,"magimari",17.43,-45.073,0,"alcohol500",11.757,-61.336,0,"horisen",41.649,-101.741,0,"紅さかな",1.643,-123.031,0,"Pizzallaris",-47.683,-101.666,0,0,0,0,0,0,"",0,0,0,0,2516.63,,,,0,0
47,3,1,2,0,0,1,2,0,0,0,255,255,255,25,2537.188,"Pring__",R,13,83,108,0.454,-0.827,0.476,1.51,0.857,1.513,-36.186,33.029,41,59,0,0,0,-375.406,322.184,5.885,0,0,0,1,2,L,"ʚEveɞ",190,80,0.404,0,87,W,Y,0,0,0,0,0,0,0,0,0,0,0,0,0,0,0,0,-0.176,-37.892,0,"HalF_HearteD",-0.096,-16.676,0,"Pugeuk",-19.208,-47.878,0,"Rite_",-9.134,-61.774,0,"magimari",17.414,-45.076,0,"alcohol500",11.491,-61.911,0,"horisen",41.685,-101.809,0,"紅さかな",0.758,-123.289,0,"Pizzallaris",-47.684,-101.64,0,0,0,0,0,0,"",0,0,0,0,2537.499,,,,0,0
48,3,1,2,0,0,2,2,0,0,0,255,255,255,26,2554.35,"Pring__",R,32,100,140,-0.676,-0.952,0.071,1.131,-0.6,0.863,-36.186,22.848,33,67,0,0,0,250,-200,36.284,0,0,1,1,2,L,"ʚEveɞ",190,80,0.404,0,87,W,Y,0,0,0,0,0,0,0,0,0,0,0,0,0,0,0,0,-0.165,-37.697,0,"HalF_HearteD",0.338,-16.534,0,"Pugeuk",-19.26,-47.806,0,"Rite_",-9.172,-61.9,0,"magimari",17.281,-44.849,0,"alcohol500",11.73,-61.546,0,"horisen",41.636,-101.794,0,"紅さかな",1.074,-123.471,0,"Pizzallaris",-47.739,-101.601,0,0,0,0,0,0,"",0,0,0,0,2554.584,,,,0,0
49,3,0,2,0,0,0,0,0,0,0,255,255,255,21,2601.004,"인생최패망자",R,32,84,137,-0.681,-0.655,0.764,1.167,-0.631,1.181,-36.739,54.897,7,93,0,0,0,250,-59.558,-0.213,0,0,0,8,5,L,"alcohol500",175.1,86.32,0.398,0,85,W,Y,0,0,0,0,0,0,0,0,0,0,0,0,0,0,0,0,0.31,-37.487,0,"sano jpn",-0.086,-17.58,0,"ʚEveɞ",-21.597,-48.457,0,"白霜らいふ",-7.287,-66.39,0,"P0TA0",19.246,-45.728,0,"ibqrqki",14.869,-63.273,0,"あおいぬ",48.267,-101.994,0,"カズティー",0.823,-116.038,0,"NABIMan",-45.855,-97.172,0,0,0,0,0,0,"",0,0,0,0,2600.836,,,,0,0
50,3,0,2,0,0,1,0,0,0,0,255,255,255,22,2614.756,"인생최패망자",R,32,87,140,-0.506,0.379,0.783,1.431,-0.544,1.768,-36.739,54.469,2,98,0,0,0,216.248,-65.423,7.14,0,0,1,8,5,L,"alcohol500",175.1,86.32,0.398,0,85,W,Y,0,0,0,0,0,0,0,0,0,0,0,0,0,0,0,0,0.142,-37.088,0,"sano jpn",-0.261,-17.481,0,"ʚEveɞ",-21.853,-48.553,0,"白霜らいふ",-7.048,-66.406,0,"P0TA0",19.278,-45.71,0,"ibqrqki",12.696,-63.549,0,"あおいぬ",46.934,-100.808,0,"カズティー",0.814,-116.045,0,"NABIMan",-45.316,-103.002,0,0,0,0,0,0,"",0,0,0,0,2614.58,,,,0,0
51,3,0,2,0,0,2,0,0,0,0,255,255,255,23,2631.23,"인생최패망자",R,3,77,104,0.788,-0.837,1.164,1.24,1.13,1.282,-36.739,73.387,2,98,0,2,0,-404.844,84.185,4.98,0,0,1,8,5,L,"alcohol500",175.1,86.32,0.398,3,85,W,Y,2632.284,102,32,45,58,28,120,117,-30,18.006,0.64,0,0.133,-345.917,-227.828,-187.828,0.477,-37.109,0,"sano jpn",0.464,-17.349,0,"ʚEveɞ",-21.941,-48.663,101,"白霜らいふ",-7.176,-66.366,96,"P0TA0",19.354,-45.864,0,"ibqrqki",12.784,-63.516,0,"あおいぬ",46.179,-101.09,0,"カズティー",0.778,-116.036,0,"NABIMan",-43.965,-104.023,0,2630.966,-0.262,-20.055,2633.164,3,"白霜らいふ",-13.709,-61.557,0,0,,,,,70,2
52,3,0,2,0,0,0,1,0,0,0,255,255,255,24,2653.431,"인생최패망자",R,3,88,111,-4.571,-0.729,0.455,1.209,-1.07,1.209,-36.739,43.602,2,46,51,2,0,-500,0,17.944,0,0,0,0,8,R,"Pizzallaris",174.6,88,0.501,3,85,W,Y,2654.65,209,160,131,92,70,145,113,-15.182,26.95,0.89,0.095,0.272,-212.423,-0.046,-143.752,-0.097,-37.078,0,"sano jpn",-0.904,-17.427,0,"ʚEveɞ",-20.956,-48.115,94,"白霜らいふ",-13.254,-63.289,0,"P0TA0",18.973,-44.449,0,"ibqrqki",10.975,-64.736,0,"あおいぬ",39.265,-102.261,0,"カズティー",0.812,-110.324,0,"NABIMan",-49.671,-101.74,0,2653.332,-2.013,-21.093,2654.926,2,"ʚEveɞ",-15.944,-48.564,0,0,,,,,6,2
53,3,0,2,0,0,0,2,0,0,0,255,255,255,25,2677.464,"인생최패망자",R,32,96,140,-3.964,-0.708,0.352,1.16,-2.086,1.144,-36.739,34.194,3,43,54,1,0,250,-75.999,12.795,0,0,0,1,3,R,"Rite_",170,80,0.455,0,45,W,Y,0,0,0,0,0,0,0,0,0,0,0,0,0,0,0,0,0.23,-37.304,0,"sano jpn",-0.085,-17.38,0,"ʚEveɞ",-21.841,-47.726,0,"白霜らいふ",-13.693,-62.62,0,"P0TA0",19.467,-47.074,0,"ibqrqki",10.923,-63.442,0,"あおいぬ",41.241,-102.296,0,"カズティー",-0.259,-112.415,0,"NABIMan",-50.132,-97.5,0,0,0,0,0,0,"",0,0,0,0,2677.368,,,,0,0
54,3,0,2,0,1,0,2,0,0,0,255,255,255,26,2690.315,"인생최패망자",R,32,87,140,2.547,0.433,0.959,1.447,0.74,1.809,-36.739,74.845,2,98,0,1,0,245.917,-45.478,0.196,0,0,0,1,3,R,"Rite_",170,80,0.455,0,45,W,Y,0,0,0,0,0,0,0,0,0,0,0,0,0,0,0,0,0.263,-37.314,0,"sano jpn",0.083,-17.355,0,"ʚEveɞ",-21.74,-47.804,0,"白霜らいふ",-14.37,-62.948,0,"P0TA0",19.271,-47.389,0,"ibqrqki",10.865,-63.124,0,"あおいぬ",40.175,-98.343,0,"カズティー",-0.258,-112.449,0,"NABIMan",-49.54,-98.309,0,0,0,0,0,0,"",0,0,0,0,2690.193,,,,0,0
55,3,0,2,0,1,1,2,0,0,0,255,255,255,27,2704.574,"인생최패망자",R,32,90,140,1.283,0.695,0.846,1.478,0.214,1.921,-36.739,48.623,2,98,0,2,0,229.916,-81.051,6.377,0,0,1,1,3,R,"Rite_",170,80,0.455,3,45,W,Y,2705.643,196,115,97,53,35,145,100,30.728,-33.667,0.04,0,0.313,-330.553,-59.713,61.468,0.143,-36.904,0,"sano jpn",0.134,-17.344,0,"ʚEveɞ",-21.89,-48.152,0,"白霜らいふ",-14.464,-63.08,0,"P0TA0",19.422,-47.154,0,"ibqrqki",10.858,-63.152,0,"あおいぬ",40.503,-97.112,95,"カズティー",-0.261,-112.45,0,"NABIMan",-49.396,-96.976,0,0,0,0,2709.036,6,"あおいぬ",45.265,-86.515,0,0,,,,,264,1
56,4,1,2,0,0,0,0,0,0,0,255,255,255,27,2756.067,"Pring__",R,3,76,103,-1.507,-0.412,0.374,1.251,0.228,1.385,-36.186,42.956,0,100,0,2,0,-468.182,0,-1.867,0,0,1,2,0,R,"인생최패망자",190,80,0.351,3,84,W,Y,2757.321,204,175,166,117,77,145,125,113.2,1.152,0.72,0,0.375,276.907,-170.012,104.066,-0.077,-37.221,0,"HalF_HearteD",-0.147,-16.833,0,"Pugeuk",-22.435,-49.941,0,"Rite_",-14.082,-61.346,0,"magimari",16.26,-45.139,0,"alcohol500",10.725,-64.4,0,"horisen",41.562,-101.867,0,"紅さかな",-0.234,-119.369,0,"Pizzallaris",-43.382,-95.583,0,0,0,0,0,0,"",0,0,0,0,,,,,8,3
57,4,1,2,0,0,1,0,0,0,0,255,255,255,28,2773.467,"Pring__",R,13,85,109,-1.264,-1.321,0.341,1.36,0.126,1.189,-36.186,30.824,11,89,0,1,0,-386.885,312.348,12.655,0,0,0,2,0,R,"인생최패망자",190,80,0.351,0,81,W,Y,0,0,0,0,0,0,0,0,0,0,0,0,0,0,0,0,0.002,-37.675,0,"HalF_HearteD",-0.015,-16.656,0,"Pugeuk",-22.263,-48.566,0,"Rite_",-12.991,-61.721,0,"magimari",16.043,-45.532,0,"alcohol500",9.999,-64.154,0,"horisen",41.941,-103.225,0,"紅さかな",0.795,-121.105,0,"Pizzallaris",-43.381,-96.681,0,0,0,0,0,0,"",0,0,0,0,2773.691,,,,0,0
58,4,1,2,0,1,1,0,0,0,0,255,255,255,29,2790.268,"Pring__",R,13,85,109,-1.601,-0.894,0.197,1.289,-0.008,1.467,-36.186,24.159,45,55,0,2,0,-386.885,312.348,26.236,0,0,1,2,0,R,"인생최패망자",190,80,0.351,3,81,W,Y,2791.412,255,84,120,112,63,145,95,-30,17.905,0.96,0,0.443,-47.586,-51.914,-62.866,-0.142,-37.134,0,"HalF_HearteD",-0.095,-16.853,0,"Pugeuk",-22.164,-48.682,0,"Rite_",-12.909,-61.632,85,"magimari",15.927,-45.479,0,"alcohol500",10.273,-62.572,0,"horisen",41.993,-103.286,0,"紅さかな",0.514,-121.823,0,"Pizzallaris",-43.367,-96.673,0,2790.141,-0.672,-21.926,2792.388,3,"Rite_",-10.613,-51.378,0,0,,,,,74,2
59,4,1,2,0,0,0,1,0,0,0,255,255,255,30,2812.832,"Pring__",R,3,77,103,-0.872,-0.288,0.354,1.294,0.477,1.479,-36.186,36.133,0,100,0,2,0,-468.182,0,14.335,0,0,1,3,1,R,"sano jpn",190,92.118,0.561,3,83,W,Y,2814.052,76,50,164,113,71,124,121,31.432,35.973,0.6,0.524,0.381,409.072,423.858,50.007,-0.125,-37.264,0,"HalF_HearteD",-0.178,-16.848,0,"Pugeuk",-21.23,-47.774,0,"Rite_",-14.565,-60.505,0,"magimari",16.003,-45.065,0,"alcohol500",8.473,-62.872,85,"horisen",41.569,-100.803,0,"紅さかな",-5.491,-124.421,0,"Pizzallaris",-43.284,-96.916,100,2818.072,-69.027,-96.632,2819.395,8,"Pizzallaris",-64.537,-93.502,1,0,,2823.756,,,265,2
60,4,1,2,0,0,0,1,0,1,0,255,1,255,31,2851.989,"Pring__",R,32,85,138,2.529,0.604,0.364,1.452,0.764,1.904,-36.186,35.711,0,100,0,2,0,250,-114.636,2.258,0,0,1,4,4,R,"P0TA0",190,96.215,0.525,3,83,W,Y,2852.885,174,26,64,29,14,135,83,-55.743,49.989,-0.88,0,0.043,-270.585,468.197,-259.953,-0.089,-37.158,0,"HalF_HearteD",-0.034,-16.847,0,"Pugeuk",-19.547,-46.507,0,"Rite_",-12.764,-61.861,0,"magimari",16.894,-46.386,0,"alcohol500",7.302,-60.798,0,"horisen",41.783,-101.561,0,"紅さかな",0.258,-120.255,0,"Pizzallaris",-45.866,-99.675,0,2851.584,-0.435,-19.568,0,0,"",0,0,0,0,,2860.525,,,8,3
61,4,1,2,0,0,1,1,0,1,0,255,1,255,32,2875.314,"Pring__",R,32,82,133,1.557,0.015,0.276,1.512,0.354,1.448,-36.186,31.971,37,63,0,2,0,230.234,-200,9.682,0,0,1,4,4,R,"P0TA0",190,96.215,0.525,3,37,W,Y,2876.291,255,52,150,64,21,145,117,29.894,14.135,0.79,0,0.191,265.918,-478.444,78.13,-0.143,-37.283,0,"HalF_HearteD",-0.012,-16.84,0,"Pugeuk",-20.088,-47.363,0,"Rite_",-12.898,-61.448,0,"magimari",16.76,-45.221,0,"alcohol500",7.521,-61.643,0,"horisen",41.311,-100.48,0,"紅さかな",-3.775,-121.716,90,"Pizzallaris",-45.861,-99.665,0,2880.305,-14.384,-121.234,2880.476,7,"紅さかな",-14.303,-118.426,0,0,,2882.77,,,40,1
62,4,1,2,0,0,0,2,0,1,0,255,1,255,33,2906.459,"Pring__",R,13,78,104,0.01,-0.734,0.422,1.574,0.689,1.65,-36.186,41.772,46,54,0,2,0,-369.138,312.348,-0.195,0,0,1,5,7,R,"カズティー",175,84.645,0.33,3,82,W,Y,2907.55,255,204,152,99,88,145,121,25.486,14.747,0.73,0,0.904,39.658,356.133,297.898,-0.137,-36.894,0,"HalF_HearteD",-0.116,-16.741,0,"Pugeuk",-19.639,-46.479,0,"Rite_",-12.836,-61.375,0,"magimari",16.919,-45.725,0,"alcohol500",7.343,-61.508,0,"horisen",41.754,-101.218,0,"紅さかな",0.621,-117.934,0,"Pizzallaris",-47.658,-102.215,113,2910.914,-36.022,-117.983,2912.486,8,"Pizzallaris",-36.995,-121.212,1,0,,2917.569,2912.143,2917.252,265,2
63,4,1,3,0,0,0,2,0,1,0,255,7,255,34,2941.161,"Pring__",R,32,72,124,4.383,0.888,0.505,1.643,1.609,2.028,-36.186,55.877,73,27,0,3,0,160.579,-137.124,-3.325,0.629,-21.522,0,6,3,R,"白霜らいふ",175.2,80,0.653,0,82,W,Y,0,0,0,0,0,0,0,0,0,0,0,0,0,0,0,0,-0.259,-37.317,0,"HalF_HearteD",0.283,-16.814,0,"Pugeuk",-20.223,-46.352,0,"Rite_",-13.895,-61.625,0,"magimari",16.843,-45.829,0,"alcohol500",6.998,-61.795,0,"horisen",41.159,-99.9,0,"紅さかな",0.158,-120.939,0,"Pizzallaris",-46.092,-103.831,0,0,0,0,0,0,"",0,0,0,0,2947.941,2944.719,,,0,6
64,4,1,3,0,0,0,2,1,1,0,3,7,255,35,3030.554,"Pring__",R,32,80,130,2.59,0.721,0.375,1.624,0.815,1.835,-36.186,41.784,41,59,0,1,0,214.048,-152.356,-1.156,0,0,0,7,5,L,"ibqrqki",164.9,86.539,0.451,0,81,W,Y,0,0,0,0,0,0,0,0,0,0,0,0,0,0,0,0,-0.014,-37.377,0,"HalF_HearteD",-0.019,-16.567,0,"Pugeuk",-20.62,-44.587,0,"Rite_",-6.681,-62.572,0,"magimari",18.075,-44.889,0,"alcohol500",10.824,-58.358,0,"horisen",41.82,-101.418,0,"紅さかな",1.295,-120.021,0,"Pizzallaris",-49.261,-105.548,0,0,0,0,0,0,"",0,0,0,0,3030.728,3033.296,,,0,0
65,4,1,3,0,1,0,2,1,1,0,3,7,255,36,3049.08,"Pring__",R,32,86,139,-1.468,-1.6,0.097,1.277,-0.943,0.541,-36.186,20.646,27,73,0,1,0,250,-200,41.985,0,0,0,7,5,L,"ibqrqki",164.9,86.539,0.451,0,81,W,Y,0,0,0,0,0,0,0,0,0,0,0,0,0,0,0,0,-0.154,-37.588,0,"HalF_HearteD",-0.336,-17.174,0,"Pugeuk",-19.67,-44.866,0,"Rite_",-6.202,-63.262,0,"magimari",18.489,-43.893,0,"alcohol500",11.359,-58.828,0,"horisen",41.827,-101.322,0,"紅さかな",1.473,-119.361,0,"Pizzallaris",-49.261,-105.558,0,0,0,0,0,0,"",0,0,0,0,3049.182,3052.044,,,0,0
66,4,1,3,0,2,0,2,1,1,0,3,7,255,37,3070.334,"Pring__",R,32,87,140,-0.909,-0.066,0.048,1.304,-0.709,1.387,-36.186,19.786,28,72,0,0,0,250,-200,28.073,0,0,0,7,5,L,"ibqrqki",164.9,86.539,0.451,0,81,W,Y,0,0,0,0,0,0,0,0,0,0,0,0,0,0,0,0,0.005,-37.332,0,"HalF_HearteD",0.004,-16.677,0,"Pugeuk",-20.338,-44.335,0,"Rite_",-6.726,-63.8,0,"magimari",19.182,-44.26,0,"alcohol500",12.905,-58.724,0,"horisen",41.819,-101.495,0,"紅さかな",1.396,-119.343,0,"Pizzallaris",-50.588,-106.066,0,0,0,0,0,0,"",0,0,0,0,3070.422,3073.405,,,0,0
67,4,1,3,0,2,1,2,1,1,0,3,7,255,38,3087.65,"Pring__",R,32,82,133,1.343,1.256,0.26,1.493,0.278,2.093,-36.186,33.016,26,74,0,4,0,218.148,-200,8.265,0,0,1,7,5,L,"ibqrqki",164.9,86.539,0.451,0,81,W,Y,0,0,0,0,0,0,0,0,0,0,0,0,0,0,0,0,0.039,-37.638,0,"HalF_HearteD",-0.012,-16.638,0,"Pugeuk",-20.07,-44.699,0,"Rite_",-6.648,-63.08,0,"magimari",18.964,-44.288,0,"alcohol500",12.931,-59.385,0,"horisen",41.785,-101.443,0,"紅さかな",2.972,-115.793,0,"Pizzallaris",-50.647,-106.206,0,0,0,0,0,0,"",0,0,0,0,3087.726,3090.777,,,0,0
68,4,1,3,0,2,2,2,1,1,0,3,7,255,39,3107.977,"Pring__",R,32,84,136,-0.211,1.021,0.12,1.46,-0.37,1.971,-36.186,19.349,32,68,0,2,0,213.109,-200,31.926,0,0,1,7,5,L,"ibqrqki",164.9,86.539,0.451,3,81,W,Y,3109.073,104,27,44,19,6,75,62,13.719,-24.941,-0.37,0,0.101,352.515,-8.043,181.811,-0.141,-36.983,0,"HalF_HearteD",-0.199,-17.198,0,"Pugeuk",-18.277,-47.327,0,"Rite_",-8.944,-64.303,0,"magimari",17.408,-44.653,0,"alcohol500",13.002,-59.675,0,"horisen",41.819,-101.425,0,"紅さかな",5.129,-115.302,0,"Pizzallaris",-50.637,-106.203,0,0,0,0,3109.791,4,"magimari",11.262,-44.022,0,0,,,3113.103,,4,1
69,4,0,3,0,0,0,0,0,0,0,255,255,255,28,3155.152,"인생최패망자",R,13,76,103,-2.58,-1.3,0.78,1.318,-0.372,1.257,-36.739,81.451,10,90,0,4,0,-374.569,299.967,-1.846,0,0,1,2,4,R,"magimari",190,84.655,0.353,0,80,W,Y,0,0,0,0,0,0,0,0,0,0,0,0,0,0,0,0,0.053,-37.707,0,"sano jpn",-0.69,-17.743,0,"ʚEveɞ",-21.59,-48.526,0,"白霜らいふ",-12.559,-63.897,0,"P0TA0",19.16,-46.564,0,"ibqrqki",10.649,-65.283,0,"あおいぬ",41.181,-103.706,0,"カズティー",0.666,-122.254,0,"NABIMan",-50.096,-102.03,0,0,0,0,0,0,"",0,0,0,0,3155.251,,,,0,0
70,4,0,3,0,0,1,0,0,0,0,255,255,255,29,3168.878,"인생최패망자",R,32,89,140,1.46,0.05,0.857,1.384,0.263,1.589,-36.739,58.616,4,96,0,0,0,250,-71.582,2.773,0,0,0,2,4,R,"magimari",190,84.655,0.353,0,80,W,Y,0,0,0,0,0,0,0,0,0,0,0,0,0,0,0,0,0.162,-37.56,0,"sano jpn",0.125,-17.789,0,"ʚEveɞ",-21.925,-49.038,0,"白霜らいふ",-13.333,-64.206,0,"P0TA0",19.005,-46.676,0,"ibqrqki",10.461,-64.937,0,"あおいぬ",42.467,-101.196,0,"カズティー",0.632,-122.244,0,"NABIMan",-53.329,-101.932,0,0,0,0,0,0,"",0,0,0,0,3168.776,,,,0,0
71,4,0,3,0,0,2,0,0,0,0,255,255,255,30,3184.846,"인생최패망자",R,32,90,140,-1.235,0.405,0.614,1.439,-0.865,1.765,-36.739,34.53,0,100,0,2,0,221.615,-124.087,18.764,0,0,1,2,4,R,"magimari",190,84.655,0.353,3,80,W,Y,3185.913,216,53,85,56,29,145,130,-30,20.545,0.44,0,0.325,-458.306,300.539,-118.328,0.06,-37.074,0,"sano jpn",0.12,-17.518,0,"ʚEveɞ",-21.665,-48.899,0,"白霜らいふ",-13.324,-64.126,85,"P0TA0",19.18,-46.514,0,"ibqrqki",10.374,-64.95,0,"あおいぬ",40.989,-99.849,0,"カズティー",0.519,-122.006,0,"NABIMan",-53.031,-102.191,0,3184.528,-0.964,-21.07,3186.405,3,"白霜らいふ",-15.056,-58.202,0,0,,,,,70,2
72,4,0,3,0,0,0,1,1,0,0,10,255,255,31,3219.614,"인생최패망자",R,32,91,140,0.998,0.778,0.814,1.512,0.063,2.003,-36.739,45.771,0,100,0,0,0,250,-119.38,8.393,0,0,0,4,1,R,"HalF_HearteD",190,82,0.446,0,80,W,Y,0,0,0,0,0,0,0,0,0,0,0,0,0,0,0,0,0.195,-37.506,0,"sano jpn",-0.154,-17.398,0,"ʚEveɞ",-19.951,-41.389,0,"白霜らいふ",-12.513,-63.123,0,"P0TA0",19.473,-46.614,0,"ibqrqki",8.295,-62.741,0,"あおいぬ",38.416,-97.535,0,"カズティー",1.003,-124.289,0,"NABIMan",-50.277,-101.019,0,0,0,0,0,0,"",0,0,0,0,3219.549,,,,0,0
73,4,0,3,0,0,1,1,1,0,0,10,255,255,32,3234.309,"인생최패망자",R,3,83,107,-3.935,-0.629,0.548,1.215,-0.783,1.245,-36.739,61.367,5,95,0,1,0,-482.624,0,7.584,0,0,0,4,1,R,"HalF_HearteD",190,82,0.446,0,80,W,Y,0,0,0,0,0,0,0,0,0,0,0,0,0,0,0,0,-0.052,-37.862,0,"sano jpn",-0.814,-18.342,0,"ʚEveɞ",-20.314,-41.852,0,"白霜らいふ",-14.098,-62.492,0,"P0TA0",19.583,-46.316,0,"ibqrqki",7.92,-63.267,0,"あおいぬ",39.982,-101.166,0,"カズティー",-0.604,-116.971,0,"NABIMan",-51.984,-103.65,0,0,0,0,0,0,"",0,0,0,0,3234.499,,,,0,0
74,4,0,3,0,1,1,1,1,0,0,10,255,255,33,3250.984,"인생최패망자",R,32,87,140,-0.674,0.09,0.68,1.395,-0.558,1.623,-36.739,58.356,0,100,0,0,0,175.756,-60.05,2.234,0,0,0,4,1,R,"HalF_HearteD",190,82,0.446,0,80,W,Y,0,0,0,0,0,0,0,0,0,0,0,0,0,0,0,0,0.24,-37.383,0,"sano jpn",-0.453,-17.432,0,"ʚEveɞ",-20.148,-41.826,0,"白霜らいふ",-13.425,-63.558,0,"P0TA0",19.484,-46.4,0,"ibqrqki",7.665,-63.804,0,"あおいぬ",36.666,-102.627,0,"カズティー",0.869,-121.206,0,"NABIMan",-53.108,-103.599,0,0,0,0,0,0,"",0,0,0,0,3250.891,,,,0,0
75,4,0,3,0,1,2,1,1,0,0,10,255,255,34,3263.938,"인생최패망자",R,3,88,112,-2.423,-0.259,0.741,1.319,-0.183,1.47,-36.739,55.828,5,95,0,1,0,-484.503,1.261,11.96,0,0,0,4,1,R,"HalF_HearteD",190,82,0.446,0,80,W,Y,0,0,0,0,0,0,0,0,0,0,0,0,0,0,0,0,0.167,-37.464,0,"sano jpn",-0.291,-17.201,0,"ʚEveɞ",-20.396,-43.026,0,"白霜らいふ",-13.633,-63.546,0,"P0TA0",19.475,-46.393,0,"ibqrqki",8.005,-63.08,0,"あおいぬ",35.503,-102.031,0,"カズティー",0.327,-117.959,0,"NABIMan",-52.394,-104.316,0,0,0,0,0,0,"",0,0,0,0,3264.011,,,,0,0
76,4,0,3,0,2,2,1,1,0,0,10,255,255,35,3276.907,"인생최패망자",R,32,84,136,1.304,0.722,0.849,1.511,0.228,2,-36.739,54.714,3,97,0,2,0,218.818,-78.058,8.827,0,0,1,4,1,R,"HalF_HearteD",190,82,0.446,3,80,W,Y,3277.976,255,141,94,116,71,145,95,23.99,-27.986,0.96,0,0.309,180.791,-239.276,21.986,0.222,-37.108,0,"sano jpn",0.062,-17.19,0,"ʚEveɞ",-18.377,-45.775,0,"白霜らいふ",-13.581,-63.77,0,"P0TA0",19.155,-46.633,0,"ibqrqki",9.635,-64.665,83,"あおいぬ",39.693,-99.143,114,"カズティー",1.002,-118.403,0,"NABIMan",-52.155,-104.665,0,0,0,0,3281.228,6,"あおいぬ",40.055,-85.726,0,0,,,,,388,1
77,4,0,3,0,0,0,2,1,0,0,10,255,255,36,3302.294,"인생최패망자",R,32,71,110,-0.645,-0.658,0.707,1.115,-0.599,1.212,-36.739,69.304,0,32,68,2,0,156.791,-35.027,2.305,0,0,1,5,7,R,"紅さかな",173.2,86,0.422,3,79,W,Y,3303.484,131,136,89,86,12,139,112,-30,-0.931,0.86,0,0.309,-230.348,108.016,-0.362,0.095,-36.961,0,"sano jpn",-0.298,-17.279,0,"ʚEveɞ",-19.276,-45.877,0,"白霜らいふ",-13.357,-63.339,0,"P0TA0",19.027,-47.461,0,"ibqrqki",9.905,-65.052,78,"あおいぬ",39.238,-102.775,0,"カズティー",1.127,-119.618,0,"NABIMan",-52.268,-96.416,0,3302.089,-0.117,-21.116,3306.497,7,"カズティー",1.042,-98.1,1,0,,3308.629,,,164,2
78,4,0,3,0,0,0,2,1,1,0,17,10,255,37,3330.124,"인생최패망자",R,3,77,104,-1.408,-0.979,0.88,1.232,0.249,1.299,-36.739,66.606,3,97,0,4,0,-436.829,191.123,7.43,0,0,1,6,2,R,"Pugeuk",190,86.201,0.347,0,79,W,Y,0,0,0,0,0,0,0,0,0,0,0,0,0,0,0,0,0.291,-37.452,0,"sano jpn",-0.175,-17.945,0,"ʚEveɞ",-20.849,-44.399,0,"白霜らいふ",-12.363,-62.642,0,"P0TA0",19.625,-43.466,0,"ibqrqki",7.578,-63.799,0,"あおいぬ",39.763,-103.963,0,"カズティー",0.063,-117.499,0,"NABIMan",-51.878,-97.446,0,0,0,0,0,0,"",0,0,0,0,3330.237,3332.887,,,0,0
79,4,0,3,0,0,1,2,1,1,0,17,10,255,38,3342.358,"인생최패망자",R,32,86,139,2.388,0.586,0.951,1.482,0.702,1.931,-36.739,60.43,3,97,0,2,0,222.149,-62.016,5.452,0,0,1,6,2,R,"Pugeuk",190,86.201,0.347,3,79,W,Y,3343.45,196,42,87,59,17,145,130,-30,12.214,0.55,0,0.574,-56.235,-15.82,19.449,0.263,-37.122,0,"sano jpn",0.087,-17.636,0,"ʚEveɞ",-19.004,-45.506,0,"白霜らいふ",-12.97,-63.029,96,"P0TA0",18.664,-45.861,0,"ibqrqki",9.801,-65.31,0,"あおいぬ",41.744,-101.648,0,"カズティー",-0.621,-117.888,0,"NABIMan",-51.817,-98.521,0,3342.101,-0.02,-20.998,3344.068,3,"白霜らいふ",-7.843,-57.31,0,0,,3348.009,,,74,2
80,5,1,3,0,0,0,0,0,0,0,255,255,255,40,3394.389,"Pring__",R,13,85,109,-1.125,-0.614,0.261,1.392,0.189,1.692,-36.186,28.522,0,100,0,2,0,-386.885,312.348,12.122,0,0,0,8,6,R,"あおいぬ",175.3,90.486,0.43,3,78,W,Y,3395.606,169,49,83,72,32,145,105,-30,42.326,0.93,0,0.381,-300.675,446.276,-94.5,-0.21,-36.884,0,"HalF_HearteD",-0.27,-16.874,0,"Pugeuk",-20.2,-47.045,91,"Rite_",-13.644,-59.275,0,"magimari",16.274,-45.944,0,"alcohol500",11.112,-63.299,0,"horisen",41.38,-100.264,0,"紅さかな",-6.756,-122.233,0,"Pizzallaris",-50.208,-98.521,0,3394.245,-1.192,-20.806,3395.991,3,"Rite_",-22.403,-43.93,0,0,,,,,72,2
81,5,1,3,0,0,0,1,0,0,0,255,255,255,41,3419.115,"Pring__",R,32,90,140,2.464,0.57,0.359,1.425,0.741,1.816,-36.186,28.586,33,67,0,2,0,250,-200,16.459,0,0,1,0,8,L,"NABIMan",190,83.228,0.48,3,78,W,Y,3420.149,255,80,111,112,76,145,97,27.499,-55.311,0.95,0,0.381,573.517,-25.022,-174.507,-0.029,-37.153,0,"HalF_HearteD",0.255,-16.885,0,"Pugeuk",-18.563,-47.987,0,"Rite_",-10.065,-63.131,0,"magimari",17.771,-45.494,0,"alcohol500",9.874,-61.56,0,"horisen",42.082,-99.578,0,"紅さかな",3.793,-121.932,0,"Pizzallaris",-48.833,-100.434,0,3422.513,62.571,-61.068,0,0,"",0,0,0,0,,,,,8,3
82,5,1,3,0,0,1,1,0,0,0,255,255,255,42,3439.592,"Pring__",R,26,87,140,1.191,0.502,0.265,1.412,0.3,1.773,-36.186,24.896,35,65,0,2,0,164.351,-200,20.871,0,0,1,0,8,L,"NABIMan",190,83.228,0.48,3,78,W,Y,3440.598,255,120,47,113,92,135,103,-30,-56.003,0.93,0,0.395,472.718,266.02,-51.023,-0.192,-36.8,0,"HalF_HearteD",0.315,-16.824,0,"Pugeuk",-18.292,-47.531,0,"Rite_",-8.112,-61.622,0,"magimari",17.776,-45.263,0,"alcohol500",12.895,-62.052,0,"horisen",42.225,-97.891,0,"紅さかな",0.256,-120.654,0,"Pizzallaris",-46.387,-103.224,0,3439.259,3.036,-21.388,0,0,"",0,0,0,0,,,,,8,3
83,5,1,3,0,0,2,1,0,0,0,255,255,255,43,3459.44,"Pring__",R,26,80,131,3.39,0.932,0.463,1.491,1.225,2.029,-36.186,37.574,44,56,0,2,0,169.839,-200,2.499,0,0,1,0,8,L,"NABIMan",190,83.228,0.48,3,78,W,Y,3460.447,255,140,121,113,39,145,130,-16.585,-35.984,0.6,0,0.394,153.362,80.77,-112.226,-0.059,-36.731,0,"HalF_HearteD",0.445,-16.844,0,"Pugeuk",-18.921,-47.978,68,"Rite_",-8.929,-61.912,0,"magimari",18.051,-45.709,105,"alcohol500",14.527,-61.349,0,"horisen",43.458,-97.572,0,"紅さかな",0.531,-119.985,0,"Pizzallaris",-46.568,-103.374,0,3459.211,3.707,-24.425,3460.336,4,"magimari",18.019,-44.25,0,0,,,,,76,2
84,5,1,3,0,0,0,2,0,0,0,255,255,255,44,3485.878,"Pring__",R,13,85,109,-3.344,-1.411,0.05,1.346,-0.776,1.158,-36.186,15.234,42,58,0,2,0,-376.303,325.247,40.221,0,0,1,1,2,L,"ʚEveɞ",190,80,0.404,3,78,W,Y,3486.886,255,132,90,78,40,145,130,21.759,42.26,0.57,0,0.568,-156.887,-108.251,568.918,-0.174,-36.802,0,"HalF_HearteD",-0.242,-16.942,0,"Pugeuk",-19.178,-48.45,0,"Rite_",-8.725,-63.241,0,"magimari",17.698,-45.328,0,"alcohol500",13.471,-62.582,71,"horisen",42.106,-101.778,0,"紅さかな",0.06,-119.134,0,"Pizzallaris",-46.833,-103.075,0,3488.638,-58.981,-87.711,3490.405,8,"Pizzallaris",-64.429,-97.313,1,0,,,,,265,2
85,5,1,3,0,0,0,2,1,0,0,2,255,255,45,3519.691,"Pring__",R,13,78,104,-1.553,-1.252,0.304,1.394,0.012,1.263,-36.186,29.761,21,79,0,2,0,-369.138,312.348,10.849,0,0,1,2,0,R,"인생최패망자",190,80,0.351,3,77,W,Y,3520.933,255,199,147,101,96,145,107,-30,27.628,0.94,0,0.436,200.141,-361.453,-82.097,0.046,-37.232,0,"HalF_HearteD",-0.158,-16.886,0,"Pugeuk",-19.964,-46.528,0,"Rite_",-14.171,-61.475,80,"magimari",17.339,-45.363,0,"alcohol500",7.267,-61.779,0,"horisen",41.669,-100.534,0,"紅さかな",-3.252,-120.211,0,"Pizzallaris",-48.234,-103.711,0,3519.553,-0.825,-21.575,3521.834,3,"Rite_",-17.201,-54.095,0,0,,,,,70,2
86,5,0,3,0,0,0,0,0,0,0,255,255,255,39,3566.387,"인생최패망자",R,0,81,132,-0.217,0.243,0.874,1.423,-0.121,1.749,-36.739,74.976,4,96,0,2,0,0,0,0,0,0,1,7,6,L,"horisen",174.7,94.856,0.448,3,77,W,Y,3567.392,155,32,53,37,21,132,88,54.316,-56.776,-0.26,0,0.176,-111.168,-520.621,255.341,0.168,-37.119,0,"sano jpn",-0.146,-17.782,0,"ʚEveɞ",-21.623,-48.842,0,"白霜らいふ",-7.728,-66.135,0,"P0TA0",19.305,-46.746,0,"ibqrqki",13.013,-64.656,0,"あおいぬ",45.679,-98.758,0,"カズティー",1.002,-120.613,0,"NABIMan",-44.792,-100.222,0,3571.043,60.031,-50.166,0,0,"",0,0,0,0,,,,,20,3
87,5,0,3,0,0,1,0,0,0,0,255,255,255,40,3588.765,"인생최패망자",R,3,73,102,2.667,-0.746,1.188,1.383,1.978,1.223,-36.739,99.474,17,83,0,1,0,-410.38,13.916,-10.748,0,0,0,7,6,L,"horisen",174.7,94.856,0.448,0,77,W,Y,0,0,0,0,0,0,0,0,0,0,0,0,0,0,0,0,0.241,-37.301,0,"sano jpn",0.061,-17.495,0,"ʚEveɞ",-21.562,-48.285,0,"白霜らいふ",-6.499,-65.486,0,"P0TA0",20.747,-46.977,0,"ibqrqki",14.194,-63.147,0,"あおいぬ",46.07,-97.248,0,"カズティー",-1.823,-120.732,0,"NABIMan",-49.106,-106.266,0,0,0,0,0,0,"",0,0,0,0,3588.853,,,,0,0
88,5,0,3,0,1,1,0,0,0,0,255,255,255,41,3602.618,"인생최패망자",R,32,90,140,-1.074,-0.075,0.723,1.354,-0.823,1.504,-36.739,47.155,2,98,0,2,0,240.559,-67.933,4.118,0,0,1,7,6,L,"horisen",174.7,94.856,0.448,3,77,W,Y,3603.597,180,83,85,54,39,145,81,-30,11.116,1,0,0.293,5.926,-36.439,1.745,0.225,-36.853,78,"sano jpn",-0.324,-17.546,0,"ʚEveɞ",-21.614,-48.907,52,"白霜らいふ",-5.534,-66.363,0,"P0TA0",20.784,-46.948,0,"ibqrqki",14.011,-63.034,0,"あおいぬ",41.385,-98.149,0,"カズティー",0.458,-120.839,0,"NABIMan",-49.001,-105.933,0,3602.303,-0.523,-19.848,3603.653,0,"인생최패망자",-3.714,-36.137,0,0,,,,,6,2
89,5,0,3,0,0,0,1,0,0,0,255,255,255,42,3628.901,"인생최패망자",R,32,91,140,0.998,-0.825,0.925,1.145,0.115,1.104,-36.739,63.287,4,33,62,2,0,211.395,-38.616,-1.231,0,0,1,8,5,L,"alcohol500",175.1,86.32,0.398,3,76,W,Y,3629.805,163,19,99,40,11,145,103,-30,-38.636,0.94,0,0.153,-416.908,-104.943,-52.431,0.383,-36.901,0,"sano jpn",0.305,-17.498,0,"ʚEveɞ",-21.236,-48.252,120,"白霜らいふ",-9.253,-65.103,71,"P0TA0",19.137,-45.937,120,"ibqrqki",14.412,-62.8,0,"あおいぬ",45.198,-100.311,0,"カズティー",0.914,-115.361,0,"NABIMan",-45.216,-112.946,0,3628.438,0.807,-19.37,3629.972,4,"P0TA0",18.543,-41.496,1,0,,3639.27,,,86,2
90,5,0,3,0,0,0,1,0,1,0,255,15,255,43,3660.86,"인생최패망자",R,32,85,138,2.541,-0.039,0.956,1.369,0.726,1.532,-36.739,67.919,2,98,0,1,0,250,-60.325,1.494,0,0,0,0,8,R,"Pizzallaris",174.6,88,0.501,0,76,W,Y,0,0,0,0,0,0,0,0,0,0,0,0,0,0,0,0,0.194,-37.633,0,"sano jpn",0.124,-17.54,0,"ʚEveɞ",-21.79,-48.014,0,"白霜らいふ",-11.207,-61.535,0,"P0TA0",19.37,-45.132,0,"ibqrqki",6.198,-63.299,0,"あおいぬ",38.862,-101.487,0,"カズティー",-0.204,-111.776,0,"NABIMan",-52.647,-105.161,0,0,0,0,0,0,"",0,0,0,0,3660.749,3663.515,,,0,0
91,5,0,3,0,1,0,1,0,1,0,255,15,255,44,3676.727,"인생최패망자",R,3,86,112,-3.164,-0.828,0.608,1.285,-0.596,1.147,-36.739,53.662,2,98,0,1,0,-433.365,0,9.409,0,0,0,0,8,R,"Pizzallaris",174.6,88,0.501,0,76,W,Y,0,0,0,0,0,0,0,0,0,0,0,0,0,0,0,0,0.086,-37.402,0,"sano jpn",-0.393,-17.562,0,"ʚEveɞ",-22.028,-48.248,0,"白霜らいふ",-10.276,-62.534,0,"P0TA0",19.412,-44.928,0,"ibqrqki",5.721,-63.134,0,"あおいぬ",43.041,-101.904,0,"カズティー",0.461,-113.899,0,"NABIMan",-53.115,-103.714,0,0,0,0,0,0,"",0,0,0,0,3676.78,3679.868,,,0,0
92,5,0,3,0,1,1,1,0,1,0,255,15,255,45,3693.467,"인생최패망자",R,32,92,140,-4.312,-0.902,0.41,1.115,-2.239,0.998,-36.739,37.4,2,20,79,1,0,250,-104.857,13.963,0,0,0,0,8,R,"Pizzallaris",174.6,88,0.501,0,76,W,Y,0,0,0,0,0,0,0,0,0,0,0,0,0,0,0,0,0.014,-37.696,0,"sano jpn",-0.218,-18.148,0,"ʚEveɞ",-22.247,-48.435,0,"白霜らいふ",-10.708,-63.405,0,"P0TA0",19.178,-45.492,0,"ibqrqki",6.981,-61.577,0,"あおいぬ",38.544,-101.12,0,"カズティー",-0.306,-113.734,0,"NABIMan",-52.094,-103.171,0,0,0,0,0,0,"",0,0,0,0,3693.472,3696.656,,,0,0
93,5,0,3,0,2,1,1,0,1,0,255,15,255,46,3706.543,"인생최패망자",R,32,91,140,-0.11,-0.679,0.711,1.16,-0.416,1.158,-36.739,49.893,2,23,76,2,0,250,-71.513,6.615,0,0,1,0,8,R,"Pizzallaris",174.6,88,0.501,3,76,W,Y,3707.657,119,136,93,79,72,137,106,92.234,-86.688,0.12,0.095,0.282,-111.981,-173.286,21.04,-0.092,-36.763,0,"sano jpn",0.037,-17.43,0,"ʚEveɞ",-21.964,-48.265,0,"白霜らいふ",-11.879,-63.619,0,"P0TA0",18.65,-46.004,0,"ibqrqki",8.692,-64.966,0,"あおいぬ",44.832,-99.894,0,"カズティー",0.408,-113.76,0,"NABIMan",-51.793,-103.145,0,0,0,0,0,0,"",0,0,0,0,,3710.192,,,4,3
94,5,0,3,0,2,2,1,0,1,0,255,15,255,47,3723.935,"인생최패망자",R,3,67,98,0.763,-0.293,1.168,1.32,1.14,1.472,-36.739,68.314,0,100,0,2,0,-383.682,0,19.715,0,0,1,0,8,R,"Pizzallaris",174.6,88,0.501,3,76,W,Y,3725.258,219,74,121,73,79,145,93,-52.369,-55.515,-0.4,0.095,0.154,397.312,404.802,164.954,0.33,-37.111,0,"sano jpn",0.003,-17.437,0,"ʚEveɞ",-21.969,-48.825,0,"白霜らいふ",-13.125,-63.687,0,"P0TA0",18.883,-46.047,0,"ibqrqki",8.893,-65.258,0,"あおいぬ",41.452,-102.647,0,"カズティー",-0.091,-114.061,0,"NABIMan",-51.529,-103.258,0,3723.905,0.765,-19.729,0,0,"",0,0,0,0,,3727.741,,,4,3
95,5,0,3,0,2,2,1,0,1,0,255,15,255,48,3744.42,"인생최패망자",R,32,84,137,-0.957,-0.855,0.638,1.126,-0.753,1.038,-36.739,54.596,2,28,71,0,0,222.822,-88.459,5.972,0,0,0,0,8,R,"Pizzallaris",174.6,88,0.501,0,76,W,Y,0,0,0,0,0,0,0,0,0,0,0,0,0,0,0,0,-0.029,-37.405,0,"sano jpn",-0.326,-17.448,0,"ʚEveɞ",-21.791,-48.207,0,"白霜らいふ",-12.689,-63.537,0,"P0TA0",19.174,-44.733,0,"ibqrqki",7.029,-63.517,0,"あおいぬ",39.702,-102.168,0,"カズティー",0.529,-109.223,0,"NABIMan",-52.671,-102.42,0,0,0,0,0,0,"",0,0,0,0,3744.309,3747.789,,,0,0
96,5,0,3,0,0,0,2,0,1,0,255,15,255,49,3765.587,"인생최패망자",R,13,72,99,-2.623,-1.762,0.672,1.203,-0.396,1.185,-36.739,70.562,12,88,0,1,0,-351.391,312.348,2.84,-0.729,-18.321,0,1,3,R,"Rite_",170,80,0.455,0,43,W,Y,0,0,0,0,0,0,0,0,0,0,0,0,0,0,0,0,-0.062,-37.588,0,"sano jpn",-0.368,-17.569,0,"ʚEveɞ",-22.053,-48.601,0,"白霜らいふ",-12.403,-63.385,0,"P0TA0",20.022,-44.077,0,"ibqrqki",7.457,-60.794,0,"あおいぬ",37.566,-101.742,0,"カズティー",-0.478,-111.52,0,"NABIMan",-49.709,-97.841,0,0,0,0,0,0,"",0,0,0,0,3765.624,3768.803,,,0,0
97,5,0,3,0,1,0,2,0,1,0,255,15,255,50,3778.723,"인생최패망자",R,32,87,140,-0.186,-0.939,0.703,1.129,-0.45,1.03,-36.739,58.907,5,33,62,0,0,250,-60.828,2.487,0,0,0,1,3,R,"Rite_",170,80,0.455,0,43,W,Y,0,0,0,0,0,0,0,0,0,0,0,0,0,0,0,0,0.194,-37.301,0,"sano jpn",-0.247,-17.442,0,"ʚEveɞ",-21.638,-48.292,0,"白霜らいふ",-11.973,-64.484,0,"P0TA0",19.802,-42.829,0,"ibqrqki",8.534,-61.833,0,"あおいぬ",40.551,-100.219,0,"カズティー",-0.27,-111.553,0,"NABIMan",-50.348,-100.827,0,0,0,0,0,0,"",0,0,0,0,3778.476,3781.482,,,0,0
98,5,0,3,0,1,1,2,0,1,0,255,15,255,51,3791.156,"인생최패망자",R,3,74,103,-1.766,-0.689,0.809,1.269,0.026,1.249,-36.739,81.567,4,96,0,2,0,-397.525,0,2.993,0,0,1,1,3,R,"Rite_",170,80,0.455,3,43,W,Y,3792.251,255,90,59,104,70,138,109,-1.168,20.037,0.89,0,0.486,4.461,40.909,-89.467,-0.4,-36.702,0,"sano jpn",-0.498,-17.537,0,"ʚEveɞ",-21.6,-48.523,0,"白霜らいふ",-12.921,-64.545,88,"P0TA0",19.114,-45.748,0,"ibqrqki",8.535,-63.315,0,"あおいぬ",40.017,-99.974,0,"カズティー",0.012,-111.712,0,"NABIMan",-52.09,-101.031,0,3791.249,-5.056,-33.983,3792.639,3,"白霜らいふ",-13.148,-58.129,0,0,,,3796.949,,74,2
99,6,1,3,0,0,0,0,1,0,0,1,255,255,46,3862.606,"Pring__",R,3,77,104,-0.266,-0.298,0.545,1.479,0.76,1.446,-36.186,45.22,0,100,0,0,0,-472.727,0,0.837,0,0,1,4,4,R,"P0TA0",190,96.215,0.525,0,75,W,Y,0,0,0,0,0,0,0,0,0,0,0,0,0,0,0,0,0.208,-37.367,0,"HalF_HearteD",-0.107,-16.632,0,"Pugeuk",-21.042,-43.608,0,"Rite_",-14.3,-60.855,0,"magimari",16.386,-46.092,0,"alcohol500",5.039,-61.806,0,"horisen",40.517,-101.325,0,"紅さかな",-1.589,-119.241,0,"Pizzallaris",-46.893,-100.4,0,0,0,0,0,0,"",0,0,0,0,3862.645,,,,0,0
100,6,1,3,0,0,1,0,1,0,0,1,255,255,47,3879.408,"Pring__",R,13,83,108,-1.371,-0.862,0.305,1.519,0.016,1.532,-36.186,38.124,41,59,0,0,0,-346.389,354.302,6.073,0,0,1,4,4,R,"P0TA0",190,96.215,0.525,0,75,W,Y,0,0,0,0,0,0,0,0,0,0,0,0,0,0,0,0,0.175,-37.037,0,"HalF_HearteD",-0.122,-16.577,0,"Pugeuk",-20.032,-43.236,0,"Rite_",-13.707,-61.399,0,"magimari",16.453,-45.96,0,"alcohol500",6.271,-62.402,0,"horisen",41.449,-102.205,0,"紅さかな",0.258,-120.14,0,"Pizzallaris",-46.899,-100.416,0,0,0,0,0,0,"",0,0,0,0,3879.472,,,,0,0
101,6,1,3,0,0,2,0,1,0,0,1,255,255,48,3898.168,"Pring__",R,32,86,140,-0.815,-1.117,0.155,1.296,-0.675,0.749,-36.186,22.876,13,87,0,2,0,250,-200,23.4,0,0,1,4,4,R,"P0TA0",190,96.215,0.525,3,75,W,Y,3899.104,255,60,132,62,18,145,91,-45.525,50.229,-0.8,0,0.114,-93.471,-57.376,-61.347,-0.174,-37,0,"HalF_HearteD",-0.055,-16.766,0,"Pugeuk",-19.811,-45.508,0,"Rite_",-13.405,-59.55,0,"magimari",16.035,-45.655,0,"alcohol500",6.664,-62.672,0,"horisen",42.141,-101.416,0,"紅さかな",-2.951,-121.06,0,"Pizzallaris",-46.902,-100.395,0,3897.695,-0.607,-18.712,0,0,"",0,0,0,0,,,,,8,3
102,6,1,3,0,0,2,0,1,0,0,1,255,255,49,3920.361,"Pring__",R,13,80,106,-0.509,0.09,0.43,1.554,0.714,1.607,-36.186,42.747,44,56,0,2,0,-338.282,356.042,-2.371,0,0,1,4,4,R,"P0TA0",190,96.215,0.525,3,37,W,Y,3921.427,210,107,64,90,42,139,130,20.702,-30.966,0.62,0,0.178,322.635,241.703,367.882,-0.148,-37.219,0,"HalF_HearteD",-0.162,-16.793,0,"Pugeuk",-19.815,-46.419,0,"Rite_",-13.889,-60.229,0,"magimari",14.746,-44.63,0,"alcohol500",8.319,-62.577,0,"horisen",41.641,-101.574,0,"紅さかな",-0.777,-120.443,0,"Pizzallaris",-46.898,-100.382,0,3925.155,56.68,-127.974,0,0,"",0,0,0,0,,3927.048,3932.878,3937.989,8,4
103,6,1,5,0,0,0,0,0,0,0,255,255,255,50,3963.234,"Pring__",R,32,88,140,0.049,0.195,0.235,1.346,-0.301,1.551,-36.186,26.769,0,100,0,0,0,250,-200,24.467,0,0,0,5,7,R,"カズティー",175,84.645,0.33,0,44,W,Y,0,0,0,0,0,0,0,0,0,0,0,0,0,0,0,0,-0.125,-36.879,0,"HalF_HearteD",-0.033,-16.802,0,"Pugeuk",-20.219,-47.123,0,"Rite_",-14.345,-61.393,0,"magimari",16.339,-45.46,0,"alcohol500",6.982,-62.684,0,"horisen",41.531,-101.004,0,"紅さかな",0.154,-122.647,0,"Pizzallaris",-46.888,-100.391,0,0,0,0,0,0,"",0,0,0,0,3963.251,,,,0,0
104,6,1,5,0,0,1,0,0,0,0,255,255,255,51,3979.386,"Pring__",R,32,89,140,-1.471,-1.098,0.098,1.331,-0.94,0.795,-36.186,20.952,0,100,0,1,0,242.097,-200,34.375,0,0,0,5,7,R,"カズティー",175,84.645,0.33,0,44,W,Y,0,0,0,0,0,0,0,0,0,0,0,0,0,0,0,0,0.015,-37.38,0,"HalF_HearteD",-0.094,-16.871,0,"Pugeuk",-20.521,-47.142,0,"Rite_",-14.303,-61.188,0,"magimari",16.312,-45.394,0,"alcohol500",8.244,-62.601,0,"horisen",40.9,-100.97,0,"紅さかな",-0.166,-120.47,0,"Pizzallaris",-46.897,-100.376,0,0,0,0,0,0,"",0,0,0,0,3979.407,,,,0,0
105,6,1,5,0,1,1,0,0,0,0,255,255,255,52,3995.671,"Pring__",R,13,81,106,-0.767,-0.707,0.404,1.585,0.321,1.677,-36.186,35.325,19,81,0,2,0,-361.812,330.191,6.531,0,0,1,5,7,R,"カズティー",175,84.645,0.33,3,44,W,Y,3996.781,248,255,121,122,92,145,109,-6.664,8.222,0.91,0,0.96,-169.579,383.583,-182.807,-0.11,-37.114,0,"HalF_HearteD",-0.07,-16.881,0,"Pugeuk",-19.689,-47.153,0,"Rite_",-14.068,-61.02,0,"magimari",15.359,-45.598,0,"alcohol500",9.495,-62.413,0,"horisen",41.634,-101.906,0,"紅さかな",-0.371,-120.464,85,"Pizzallaris",-46.901,-100.382,0,3995.563,-0.917,-26.636,4000.126,7,"紅さかな",-8.607,-102.907,1,0,,,,,296,2
106,6,1,5,0,0,0,0,1,0,0,7,255,255,53,4050.814,"Pring__",R,26,87,140,-1.533,0.129,0.104,1.335,-0.912,1.512,-36.186,20.405,30,70,0,1,0,197.236,-200,33.113,0,0,0,6,3,R,"白霜らいふ",175.2,80,0.653,0,74,W,Y,0,0,0,0,0,0,0,0,0,0,0,0,0,0,0,0,0.15,-37.374,0,"HalF_HearteD",-0.058,-16.774,0,"Pugeuk",-20.823,-42.389,0,"Rite_",-12.868,-62.474,0,"magimari",15.264,-44.835,0,"alcohol500",7.022,-63.426,0,"horisen",41.639,-100.896,0,"紅さかな",-0.787,-121.033,0,"Pizzallaris",-46.796,-101.036,0,0,0,0,0,0,"",0,0,0,0,4050.826,,,,0,0
107,6,1,5,0,1,0,0,1,0,0,7,255,255,54,4070.286,"Pring__",R,13,82,107,-1.201,-0.479,0.35,1.432,0.154,1.787,-36.186,30.975,0,100,0,0,0,-377.843,314.829,20.757,0,0,0,6,3,R,"白霜らいふ",175.2,80,0.653,0,74,W,Y,0,0,0,0,0,0,0,0,0,0,0,0,0,0,0,0,0.176,-37.41,0,"HalF_HearteD",-0.098,-16.869,0,"Pugeuk",-20.959,-43.276,0,"Rite_",-12.472,-60.787,0,"magimari",15.265,-44.904,0,"alcohol500",4.59,-63.694,0,"horisen",41.327,-101.115,0,"紅さかな",-0.579,-120.587,0,"Pizzallaris",-47.25,-101.734,0,0,0,0,0,0,"",0,0,0,0,4070.532,,,,0,0
108,6,1,5,0,1,1,0,1,0,0,7,255,255,55,4088.052,"Pring__",R,32,75,126,3.263,1.364,0.467,1.557,1.148,2.354,-36.186,55.304,0,100,0,3,0,160.358,-150.395,-0.486,0.437,-21.407,0,6,3,R,"白霜らいふ",175.2,80,0.653,0,74,W,Y,0,0,0,0,0,0,0,0,0,0,0,0,0,0,0,0,0.117,-36.879,0,"HalF_HearteD",0.027,-16.85,0,"Pugeuk",-20.487,-44.105,0,"Rite_",-12.595,-62,0,"magimari",15.247,-44.93,0,"alcohol500",8.043,-63.249,0,"horisen",41.618,-100.761,0,"紅さかな",-0.193,-120.518,0,"Pizzallaris",-47.255,-101.75,0,0,0,0,0,0,"",0,0,0,0,4095.24,,,,0,6
109,6,1,5,0,0,0,0,1,1,0,3,7,255,56,4118.675,"Pring__",R,3,77,103,0.068,-0.235,0.593,1.316,0.907,1.505,-36.186,46.395,0,100,0,0,0,-468.182,0,1.348,0,0,0,7,5,L,"ibqrqki",164.9,86.539,0.451,0,73,W,Y,0,0,0,0,0,0,0,0,0,0,0,0,0,0,0,0,-0.112,-37.585,0,"HalF_HearteD",-0.101,-16.765,0,"Pugeuk",-20.593,-42.892,0,"Rite_",-5.46,-63.404,0,"magimari",18.497,-42.091,0,"alcohol500",12.017,-59.231,0,"horisen",41.482,-100.557,0,"紅さかな",0.222,-118.91,0,"Pizzallaris",-47.26,-101.747,0,0,0,0,0,0,"",0,0,0,0,4118.988,4121.729,,,0,0
110,6,1,5,0,0,1,0,1,1,0,3,7,255,57,4143.688,"Pring__",R,13,78,104,-0.6,-0.961,0.436,1.347,0.423,1.583,-36.186,37.369,0,100,0,0,0,-369.138,312.348,7.516,0,0,0,7,5,L,"ibqrqki",164.9,86.539,0.451,0,73,W,Y,0,0,0,0,0,0,0,0,0,0,0,0,0,0,0,0,-0.254,-37.698,0,"HalF_HearteD",0.01,-16.71,0,"Pugeuk",-20.454,-42.737,0,"Rite_",-4.063,-62.647,0,"magimari",19.013,-42.781,0,"alcohol500",11.654,-61.273,0,"horisen",41.539,-100.26,0,"紅さかな",-0.022,-118.993,0,"Pizzallaris",-47.26,-101.748,0,0,0,0,0,0,"",0,0,0,0,4144.032,4146.786,,,0,0
111,6,1,5,0,0,2,0,1,1,0,3,7,255,58,4163.382,"Pring__",R,32,88,140,-0.397,0.755,0.194,1.423,-0.492,1.833,-36.186,22.078,0,100,0,2,0,250,-200,26.338,0,0,1,7,5,L,"ibqrqki",164.9,86.539,0.451,3,73,W,Y,4164.541,255,52,82,43,14,140,105,25.877,10.928,0.14,0,0.136,181.198,375.51,-38.048,-0.108,-36.907,120,"HalF_HearteD",-0.163,-16.879,0,"Pugeuk",-19.264,-45.167,0,"Rite_",-7.365,-63.189,0,"magimari",18.357,-43.853,0,"alcohol500",12.175,-59.498,96,"horisen",41.271,-101.291,0,"紅さかな",-0.415,-117.951,91,"Pizzallaris",-47.257,-101.746,0,4167.99,-24.365,-105.677,4171.228,7,"紅さかな",-32.397,-127.471,1,0,4179.801,4168.434,4174.193,4179.072,378,2
112,6,1,6,0,0,0,0,1,1,0,5,3,255,0,4407.075,"Pugeuk",R,27,90,140,0.748,-0.044,0.536,1.495,0.424,1.461,-36.603,18.433,49,51,0,0,0,-84.508,-129.36,7.021,0,0,0,8,6,R,"あおいぬ",175.3,90.486,0.43,0,72,W,Y,0,0,0,0,0,0,0,0,0,0,0,0,0,0,0,0,0.22,-37.833,0,"HalF_HearteD",0.039,-16.791,0,"Pring__",-19.223,-42.429,0,"Rite_",-14.66,-61.561,0,"magimari",17.744,-44.083,0,"alcohol500",4.917,-60.779,0,"horisen",43.334,-100.038,0,"紅さかな",-6.211,-121.787,0,"Pizzallaris",-47.595,-102.121,0,0,0,0,0,0,"",0,0,0,0,4407.036,4409.944,,,0,0
113,6,1,6,0,0,1,0,1,1,0,5,3,255,1,4449.941,"Pugeuk",R,26,84,136,1.093,1.123,0.593,1.675,0.687,2.094,-36.603,24.441,92,8,0,1,0,-162.462,-169.054,12.239,0,0,0,8,6,R,"あおいぬ",175.3,90.486,0.43,0,72,W,Y,0,0,0,0,0,0,0,0,0,0,0,0,0,0,0,0,0.504,-37.663,0,"HalF_HearteD",-0.024,-16.781,0,"Pring__",-19.415,-39.594,0,"Rite_",-14.485,-60.838,0,"magimari",16.677,-44.837,0,"alcohol500",5.989,-61.051,0,"horisen",41.69,-101.385,0,"紅さかな",-6.417,-122.012,0,"Pizzallaris",-47.857,-102.227,0,0,0,0,0,0,"",0,0,0,0,4449.98,4453.125,,,0,0
114,6,1,6,0,1,1,0,1,1,0,5,3,255,2,4473.831,"Pugeuk",R,27,85,138,1.164,0.158,0.57,1.535,0.578,1.6,-36.603,19.599,63,37,0,0,0,-64.053,-102.81,2.523,0,0,0,8,6,R,"あおいぬ",175.3,90.486,0.43,0,72,W,Y,0,0,0,0,0,0,0,0,0,0,0,0,0,0,0,0,0.251,-37.757,0,"HalF_HearteD",-0.02,-16.747,0,"Pring__",-19.439,-39.526,0,"Rite_",-14.488,-60.893,0,"magimari",16.617,-44.821,0,"alcohol500",5.568,-60.441,0,"horisen",40.906,-101.877,0,"紅さかな",-6.396,-122.009,0,"Pizzallaris",-47.862,-102.289,0,0,0,0,0,0,"",0,0,0,0,4473.891,4476.623,,,0,0
115,6,1,6,0,1,2,0,1,1,0,5,3,255,3,4496.251,"Pugeuk",R,10,67,98,0.374,-0.662,0.493,1.852,0.149,1.893,-36.603,32.62,91,9,0,2,0,0,400,-13.158,0,0,0,8,6,R,"あおいぬ",175.3,90.486,0.43,3,72,W,Y,4497.48,147,123,64,91,50,138,127,25.423,35.256,0.54,0,0.417,141.454,436.225,12.668,-0.151,-37.367,0,"HalF_HearteD",-0.534,-16.794,0,"Pring__",-17.822,-41.877,0,"Rite_",-14.294,-60.68,0,"magimari",16.206,-44.818,0,"alcohol500",6.668,-62.152,0,"horisen",41.896,-100.941,0,"紅さかな",-6.376,-121.9,0,"Pizzallaris",-47.839,-102.279,0,4500.907,-74.09,-104.542,0,0,"",0,0,0,0,,4504.115,4505.397,4510.292,64,4
116,6,1,9,0,0,0,0,0,0,0,255,255,255,4,4541.593,"Pugeuk",R,28,67,120,-0.632,1.167,0.411,1.889,-0.422,2.247,-36.603,47.544,92,8,0,2,0,79.078,-88.161,10.126,0,0,1,0,8,R,"NABIMan",190,83.228,0.48,3,71,W,Y,4542.533,223,144,123,149,118,145,89,-30,11.874,0.99,0,0.312,-77.06,94.242,207.512,0.376,-36.97,0,"HalF_HearteD",-0.106,-16.796,0,"Pring__",-21.299,-47.192,87,"Rite_",-15.377,-61.271,96,"magimari",16.252,-45.346,0,"alcohol500",6.227,-62.476,0,"horisen",41.815,-101.65,0,"紅さかな",-2.093,-120.877,0,"Pizzallaris",-42.893,-98.836,0,4541.271,-0.591,-23.37,4543.536,3,"Rite_",-7.911,-57.249,0,0,,,,,74,2
117,6,1,9,0,0,0,1,0,0,0,255,255,255,5,4571.915,"Pugeuk",R,29,91,140,0.073,-0.139,0.411,1.491,0.329,1.422,-36.603,29.405,57,43,0,0,0,-223.498,-121.93,13.05,0,0,0,1,2,L,"ʚEveɞ",190,80,0.404,0,71,W,Y,0,0,0,0,0,0,0,0,0,0,0,0,0,0,0,0,0.267,-37.587,0,"HalF_HearteD",-0.282,-16.817,0,"Pring__",-21.014,-46.221,0,"Rite_",-13.196,-63.731,0,"magimari",17.194,-45.191,0,"alcohol500",11.976,-60.764,0,"horisen",44.738,-103.877,0,"紅さかな",-0.195,-119.565,0,"Pizzallaris",-44.88,-102.893,0,0,0,0,0,0,"",0,0,0,0,4571.734,,,,0,0
118,6,1,9,0,0,1,1,0,0,0,255,255,255,6,4593.012,"Pugeuk",R,29,81,131,-1.163,-0.086,0.408,1.488,-0.174,1.453,-36.603,26.888,44,56,0,2,0,-234.233,-114.27,16.24,0,0,1,1,2,L,"ʚEveɞ",190,80,0.404,3,71,W,Y,4593.894,182,40,69,41,17,137,130,107.069,53.54,0.58,0,0.253,47.799,-249.632,94.039,0.209,-37.103,0,"HalF_HearteD",-0.245,-16.932,0,"Pring__",-21.19,-47.134,0,"Rite_",-12.063,-62.739,0,"magimari",17.325,-45.015,0,"alcohol500",11.267,-61.5,0,"horisen",44.74,-103.867,0,"紅さかな",-0.346,-119.769,0,"Pizzallaris",-45.559,-102.818,0,0,0,0,0,0,"",0,0,0,0,,,,,64,3
119,6,1,9,0,1,2,1,0,0,0,255,255,255,7,4615.746,"Pugeuk",R,0,0,0,0,0,0,0,0,0,0,0,0,0,0,0,0,0,0,0,0,0,0,1,2,L,"ʚEveɞ",190,80,0.404,0,71,W,Y,0,0,0,0,0,0,0,0,0,0,0,0,0,0,0,0,0,0,0,"",0,0,0,"",0,0,0,"",0,0,0,"",0,0,0,"",0,0,0,"",0,0,0,"",0,0,0,"",0,0,0,0,0,0,0,0,"",0,0,0,0,4615.817,,,,0,0
120,6,1,9,0,1,2,1,0,0,0,255,255,255,7,4639.151,"Pugeuk",R,26,87,140,2.028,-0.015,0.639,1.483,0.9,1.438,-36.603,25.103,53,47,0,4,0,-26.936,-194.525,2.988,0,0,1,1,2,L,"ʚEveɞ",190,80,0.404,0,71,W,Y,0,0,0,0,0,0,0,0,0,0,0,0,0,0,0,0,0.341,-37.39,0,"HalF_HearteD",0.186,-16.802,0,"Pring__",-20.661,-43.381,0,"Rite_",-11.431,-62.424,0,"magimari",17.233,-45.155,0,"alcohol500",12.615,-63.635,0,"horisen",46.941,-106.709,0,"紅さかな",0.346,-119.498,0,"Pizzallaris",-45.548,-102.817,0,0,0,0,0,0,"",0,0,0,0,4639.005,,,,0,0
121,6,1,9,0,0,0,2,0,0,0,255,255,255,8,4682.315,"Pugeuk",R,14,79,105,1.499,-0.311,0.411,1.65,-0.108,1.871,-36.603,16.499,63,37,0,2,0,372.687,312.348,13.321,0,0,1,2,0,R,"인생최패망자",190,80,0.351,3,70,W,Y,4683.57,255,147,122,122,68,145,93,0.591,-28.097,-0.71,0,0.406,-463.517,202.114,-136.377,0.422,-37.342,0,"HalF_HearteD",-0.005,-16.862,0,"Pring__",-21.618,-47.258,0,"Rite_",-13.505,-61.948,0,"magimari",16.151,-46.019,94,"alcohol500",11.252,-63.629,0,"horisen",42.857,-102.737,0,"紅さかな",-0.247,-119.308,0,"Pizzallaris",-45.543,-102.824,0,4682.738,6.929,-33.367,4683.609,4,"magimari",12.021,-44.169,0,0,,,,,14,2
122,6,0,9,0,0,0,0,0,0,0,255,255,255,52,4800.721,"인생최패망자",R,32,91,140,-0.964,0.489,0.638,1.456,-0.752,1.818,-36.739,33.302,0,100,0,2,0,224.797,-123.093,17.86,0,0,1,2,4,R,"magimari",190,84.655,0.353,3,70,W,Y,4801.789,246,145,116,77,37,145,130,-26.741,-17.519,0.46,0,0.531,-236.745,265.41,-209.733,0.364,-36.98,0,"sano jpn",-0.077,-17.558,0,"ʚEveɞ",-21.374,-47.889,94,"白霜らいふ",-12.063,-64.494,0,"P0TA0",18.687,-45.972,0,"ibqrqki",10.411,-65.408,99,"あおいぬ",38.582,-106.46,0,"カズティー",0.574,-125.025,0,"NABIMan",-53.639,-102.854,0,4800.43,-0.322,-21.157,4802.128,5,"ibqrqki",11.561,-59.143,0,0,,,,,134,2
123,6,0,9,0,0,0,1,1,0,0,12,255,255,53,4834.107,"인생최패망자",R,32,85,138,0.21,0.685,0.768,1.502,-0.149,1.965,-36.739,45.235,0,100,0,2,0,153.671,-93.781,15.461,0,0,1,4,1,R,"HalF_HearteD",190,82,0.446,3,70,W,Y,4835.14,219,114,104,92,46,145,116,0.727,34.728,0.89,0,0.159,-77.834,212.284,-16.026,0.081,-37.512,0,"sano jpn",-0.057,-17.512,0,"ʚEveɞ",-19.311,-45.199,102,"白霜らいふ",-12.355,-62.608,0,"P0TA0",18.337,-46.406,0,"ibqrqki",8.669,-62.734,85,"あおいぬ",39.481,-98.873,0,"カズティー",-0.411,-123.893,0,"NABIMan",-52.165,-102.222,0,4834.511,-14.141,-38.587,4835.101,2,"ʚEveɞ",-17.354,-43.26,0,0,,,,,194,2
124,7,1,9,0,0,0,0,0,0,0,255,255,255,9,4891.902,"Pugeuk",R,26,87,140,2.05,0.015,0.626,1.594,1.137,1.448,-36.603,27.85,48,52,0,4,0,-189.784,-200,7.305,0,0,1,3,1,R,"sano jpn",190,92.118,0.561,0,65,W,Y,0,0,0,0,0,0,0,0,0,0,0,0,0,0,0,0,0.373,-37.585,0,"HalF_HearteD",-0.061,-16.651,0,"Pring__",-21.363,-47.436,0,"Rite_",-15.663,-61.233,0,"magimari",16.734,-45.642,0,"alcohol500",10.327,-65.506,0,"horisen",41.878,-101.921,0,"紅さかな",-0.502,-120.034,0,"Pizzallaris",-50.402,-104.068,0,0,0,0,0,0,"",0,0,0,0,4891.766,,,,0,0
125,7,1,9,0,0,1,0,0,0,0,255,255,255,10,4909.336,"Pugeuk",R,29,89,140,0.209,1.053,0.521,1.721,0.354,2.208,-36.603,23.656,90,10,0,4,0,-205.571,-74.829,10.018,0,0,1,3,1,R,"sano jpn",190,92.118,0.561,0,65,W,Y,0,0,0,0,0,0,0,0,0,0,0,0,0,0,0,0,0.108,-37.976,0,"HalF_HearteD",-0.062,-16.655,0,"Pring__",-21.467,-47.501,0,"Rite_",-15.527,-61.071,0,"magimari",15.865,-45.809,0,"alcohol500",10.037,-64.917,0,"horisen",41.892,-102.174,0,"紅さかな",-0.148,-118.632,0,"Pizzallaris",-50.043,-105.111,0,0,0,0,0,0,"",0,0,0,0,4909.289,,,,0,0
126,7,1,9,0,0,2,0,0,0,0,255,255,255,11,4927.379,"Pugeuk",R,26,85,137,-2.016,0.438,0.306,1.766,-0.649,1.704,-36.603,21.974,89,11,0,4,0,-171.51,-200,7.058,0,0,1,3,1,R,"sano jpn",190,92.118,0.561,0,65,W,Y,0,0,0,0,0,0,0,0,0,0,0,0,0,0,0,0,-0.011,-37.881,0,"HalF_HearteD",-0.569,-16.587,0,"Pring__",-21.887,-47.009,0,"Rite_",-15.314,-60.456,0,"magimari",15.944,-45.663,0,"alcohol500",8.935,-64.495,0,"horisen",41.885,-102.173,0,"紅さかな",-0.123,-118.595,0,"Pizzallaris",-50.071,-105.122,0,0,0,0,0,0,"",0,0,0,0,4927.203,,,,0,0
127,7,1,9,0,0,0,1,0,0,0,255,255,255,12,4954.271,"Pugeuk",R,27,84,136,1.331,-0.32,0.6,1.643,0.718,1.307,-36.603,26.344,52,48,0,0,0,-109.184,-109.532,1.029,0,0,0,4,4,R,"P0TA0",190,96.215,0.525,0,69,W,Y,0,0,0,0,0,0,0,0,0,0,0,0,0,0,0,0,0.48,-37.464,0,"HalF_HearteD",-0.035,-16.734,0,"Pring__",-22.13,-48.348,0,"Rite_",-15.129,-60.275,0,"magimari",15.992,-45.792,0,"alcohol500",10.056,-63.925,0,"horisen",41.748,-101.892,0,"紅さかな",-0.422,-118.575,0,"Pizzallaris",-51.906,-107.482,0,0,0,0,0,0,"",0,0,0,0,4953.932,,,,0,0
128,7,1,9,0,0,1,1,0,0,0,255,255,255,13,4980.145,"Pugeuk",R,26,81,132,-0.061,-1.498,0.447,1.393,0.006,0.498,-36.603,23.165,50,50,0,4,0,-33.146,-184.003,30.057,0,0,1,4,4,R,"P0TA0",190,96.215,0.525,0,37,W,Y,0,0,0,0,0,0,0,0,0,0,0,0,0,0,0,0,0.637,-37.689,0,"HalF_HearteD",0.049,-16.753,0,"Pring__",-22.139,-48.357,0,"Rite_",-14.737,-60.138,0,"magimari",16.05,-45.825,0,"alcohol500",8.459,-63.477,0,"horisen",41.865,-102.241,0,"紅さかな",-0.233,-118.756,0,"Pizzallaris",-51.89,-107.465,0,0,0,0,0,0,"",0,0,0,0,4979.761,,,,0,0
129,7,1,9,0,0,2,1,0,0,0,255,255,255,14,4999.762,"Pugeuk",R,26,93,140,2.002,-0.337,0.592,1.66,1.027,1.234,-36.603,27.658,51,49,0,4,0,-127.709,-184.848,11.397,0,0,1,4,4,R,"P0TA0",190,96.215,0.525,0,37,W,Y,0,0,0,0,0,0,0,0,0,0,0,0,0,0,0,0,0.398,-37.232,0,"HalF_HearteD",-0.03,-16.747,0,"Pring__",-21.717,-46.68,0,"Rite_",-14.725,-60.143,0,"magimari",16.042,-45.792,0,"alcohol500",9.985,-64.74,0,"horisen",41.882,-102.179,0,"紅さかな",-0.592,-118.741,0,"Pizzallaris",-51.902,-107.476,0,0,0,0,0,0,"",0,0,0,0,4999.351,,,,0,0
130,7,1,9,0,0,0,2,0,0,0,255,255,255,15,5026.429,"Pugeuk",R,26,69,122,1.818,0.87,0.591,1.894,0.874,1.877,-36.603,45.23,90,10,0,1,0,-60.924,-199.629,12.009,0,0,0,5,7,R,"カズティー",175,84.645,0.33,0,44,W,Y,0,0,0,0,0,0,0,0,0,0,0,0,0,0,0,0,0.437,-37.456,0,"HalF_HearteD",-0.041,-16.76,0,"Pring__",-21.406,-47.632,0,"Rite_",-14.418,-59.36,0,"magimari",16.053,-45.835,0,"alcohol500",8.706,-64.061,0,"horisen",41.91,-102.02,0,"紅さかな",-0.168,-118.828,0,"Pizzallaris",-52.073,-107.166,0,0,0,0,0,0,"",0,0,0,0,5026.166,,,,0,0
131,7,1,9,0,1,0,2,0,0,0,255,255,255,16,5045.912,"Pugeuk",R,29,96,140,-1.573,-0.329,0.361,1.456,-0.394,1.324,-36.603,14.789,55,45,0,1,0,-222.745,-100.185,17.244,0,0,0,5,7,R,"カズティー",175,84.645,0.33,0,44,W,Y,0,0,0,0,0,0,0,0,0,0,0,0,0,0,0,0,0.216,-37.595,0,"HalF_HearteD",-0.059,-16.749,0,"Pring__",-21.154,-46.769,0,"Rite_",-14.425,-59.316,0,"magimari",16.071,-45.812,0,"alcohol500",8.978,-64.017,0,"horisen",41.905,-102.007,0,"紅さかな",-0.227,-118.805,0,"Pizzallaris",-51.911,-107.399,0,0,0,0,0,0,"",0,0,0,0,5045.563,,,,0,0
132,7,1,9,0,2,0,2,0,0,0,255,255,255,17,5062.832,"Pugeuk",R,6,81,106,-1.57,0.041,-0.076,1.742,-1.616,1.635,-36.603,11.634,93,7,0,1,0,481.818,0,10.98,0,0,0,5,7,R,"カズティー",175,84.645,0.33,0,44,W,Y,0,0,0,0,0,0,0,0,0,0,0,0,0,0,0,0,0.242,-37.352,0,"HalF_HearteD",0.001,-16.741,0,"Pring__",-21.635,-46.439,0,"Rite_",-14.362,-59.306,0,"magimari",16.013,-45.306,0,"alcohol500",9.683,-64.14,0,"horisen",41.927,-101.79,0,"紅さかな",-0.505,-118.678,0,"Pizzallaris",-51.917,-107.404,0,0,0,0,0,0,"",0,0,0,0,5062.707,,,,0,0
133,7,1,9,0,3,0,2,0,0,0,255,255,255,18,5083.751,"Pugeuk",R,27,88,140,-0.359,-0.509,0.437,1.418,-0.039,1.191,-36.603,13.048,51,49,0,0,0,-96.31,-132.28,6.826,0,0,0,5,7,R,"カズティー",175,84.645,0.33,0,44,W,Y,0,0,0,0,0,0,0,0,0,0,0,0,0,0,0,0,0.378,-37.22,0,"HalF_HearteD",0,-16.728,0,"Pring__",-21.85,-47.334,0,"Rite_",-14.402,-59.363,0,"magimari",15.52,-45.554,0,"alcohol500",10.273,-63.912,0,"horisen",42.01,-102.02,0,"紅さかな",-4.044,-119.961,0,"Pizzallaris",-51.522,-107.644,0,0,0,0,0,0,"",0,0,0,0,5083.488,,,,0,0
134,7,1,9,0,3,1,2,0,0,0,255,255,255,19,5100.745,"Pugeuk",R,28,86,139,0.903,-0.062,0.545,1.506,0.463,1.499,-36.603,22.329,56,44,0,2,0,-62.887,-76.383,2.269,0,0,1,5,7,R,"カズティー",175,84.645,0.33,3,44,W,Y,5101.724,255,104,103,73,16,145,94,-71.158,46.638,-0.36,0,0.688,-486.389,172.195,-234.164,0.327,-37.314,0,"HalF_HearteD",-0.064,-16.864,0,"Pring__",-21.708,-47.435,85,"Rite_",-14.433,-59.367,0,"magimari",15.819,-45.372,0,"alcohol500",9.436,-64.308,0,"horisen",41.976,-102.036,0,"紅さかな",-4.536,-120.75,0,"Pizzallaris",-51.521,-107.632,0,5100.115,-0.159,-19.081,5103.166,2,"Pring__",-18.514,-36.227,0,0,,,,,72,2
135,7,1,9,0,3,2,2,0,0,0,255,255,255,20,5122.255,"Pugeuk",R,27,81,132,-0.247,1.893,0.437,1.809,-0.039,2.564,-36.603,33.06,92,8,0,1,0,-55.839,-133.303,10.114,0,0,0,5,7,R,"カズティー",175,84.645,0.33,0,44,W,Y,0,0,0,0,0,0,0,0,0,0,0,0,0,0,0,0,0.185,-37.61,0,"HalF_HearteD",-0.022,-16.673,0,"Pring__",-21.534,-47.261,0,"Rite_",-14.959,-61.828,0,"magimari",16.128,-44.897,0,"alcohol500",9.836,-63.65,0,"horisen",41.569,-101.432,0,"紅さかな",-3.108,-121.087,0,"Pizzallaris",-51.511,-107.635,0,0,0,0,0,0,"",0,0,0,0,5121.965,,,,0,5
136,7,1,9,0,0,0,2,1,0,0,7,255,255,0,5301.919,"magimari",R,26,85,138,-0.387,0.072,0.3,1.941,-0.22,1.448,-36.741,22.778,83,17,0,0,0,29.132,-185.16,18.399,0,0,0,6,3,R,"白霜らいふ",175.2,80,0.653,0,68,W,Y,0,0,0,0,0,0,0,0,0,0,0,0,0,0,0,0,0.088,-37.444,0,"HalF_HearteD",-0.049,-16.723,0,"Pring__",-19.021,-39.473,0,"Rite_",-15.14,-60.846,0,"Pugeuk",18.945,-47.699,0,"alcohol500",6.166,-62.723,0,"horisen",41.378,-99.899,0,"紅さかな",-0.564,-121.024,0,"Pizzallaris",-51.645,-107.419,0,0,0,0,0,0,"",0,0,0,0,5301.715,,,,0,0
137,7,1,9,0,0,1,2,1,0,0,7,255,255,1,5320.003,"magimari",R,26,85,137,-0.464,-0.292,0.295,1.877,-0.244,1.222,-36.741,19.053,86,14,0,2,0,22.874,-200,16.384,0,0,1,6,3,R,"白霜らいふ",175.2,80,0.653,3,68,W,Y,5321.037,255,183,151,111,87,145,127,28.532,31.282,0.51,0,0.686,178.418,8.801,260.343,-0.328,-37.489,0,"HalF_HearteD",-0.083,-16.831,0,"Pring__",-17.496,-42.429,0,"Rite_",-15.1,-60.79,0,"Pugeuk",19.136,-47.451,0,"alcohol500",8.143,-63.912,0,"horisen",41.395,-99.855,0,"紅さかな",-0.74,-121.545,0,"Pizzallaris",-51.651,-107.416,0,0,0,0,5324.305,8,"Pizzallaris",-56.954,-110.452,0,0,,5326.026,,,5,1
138,7,0,9,0,0,0,0,0,0,0,255,255,255,54,5374.07,"인생최패망자",R,32,87,140,2.345,0.667,0.952,1.481,0.706,1.923,-36.739,65.987,2,98,0,1,0,206.604,-73.93,1.489,0,0,0,5,7,R,"紅さかな",173.2,86,0.422,0,68,W,Y,0,0,0,0,0,0,0,0,0,0,0,0,0,0,0,0,0.225,-37.375,0,"sano jpn",-0.008,-17.416,0,"ʚEveɞ",-21.693,-48.678,0,"白霜らいふ",-13.784,-63.414,0,"P0TA0",18.671,-46.746,0,"ibqrqki",9.984,-64.981,0,"あおいぬ",39.376,-103.326,0,"カズティー",-0.335,-121.415,0,"NABIMan",-51.027,-100.945,0,0,0,0,0,0,"",0,0,0,0,5373.759,,,,0,0
139,7,0,9,0,1,0,0,0,0,0,255,255,255,55,5383.255,"인생최패망자",R,32,91,140,1.712,0.609,0.899,1.474,0.462,1.897,-36.739,61.589,3,97,0,1,0,184.896,-66.239,1.824,0,0,0,5,7,R,"紅さかな",173.2,86,0.422,0,68,W,Y,0,0,0,0,0,0,0,0,0,0,0,0,0,0,0,0,0.148,-37.301,0,"sano jpn",-0.023,-17.474,0,"ʚEveɞ",-21.919,-48.843,0,"白霜らいふ",-12.945,-63.674,0,"P0TA0",19.088,-46.761,0,"ibqrqki",9.994,-64.917,0,"あおいぬ",39.282,-103.49,0,"カズティー",-0.318,-121.445,0,"NABIMan",-51.154,-100.232,0,0,0,0,0,0,"",0,0,0,0,5382.924,,,,0,0
140,7,0,9,0,2,0,0,0,0,0,255,255,255,56,5393.657,"인생최패망자",R,32,93,140,-1.161,0.666,0.636,1.472,-0.764,1.891,-36.739,39.843,0,100,0,0,0,171.801,-106.518,10.072,0,0,0,5,7,R,"紅さかな",173.2,86,0.422,0,68,W,Y,0,0,0,0,0,0,0,0,0,0,0,0,0,0,0,0,0.215,-37.394,0,"sano jpn",-0.039,-17.526,0,"ʚEveɞ",-22.077,-49.054,0,"白霜らいふ",-12.741,-63.787,0,"P0TA0",18.509,-46.681,0,"ibqrqki",10.002,-64.85,0,"あおいぬ",38.342,-104.195,0,"カズティー",-0.326,-121.438,0,"NABIMan",-51.384,-103.418,0,0,0,0,0,0,"",0,0,0,0,5393.37,,,,0,0
141,7,0,9,0,2,1,0,0,0,0,255,255,255,57,5404.573,"인생최패망자",R,32,85,138,2.125,0.46,0.934,1.474,0.624,1.898,-36.739,66.067,2,98,0,2,0,250,-80.263,10.771,0,0,1,5,7,R,"紅さかな",173.2,86,0.422,3,68,W,Y,5405.664,242,130,132,76,41,145,85,107.603,61.016,-0.8,0,0.253,495.542,-272.753,162.26,0.435,-36.96,0,"sano jpn",0.002,-17.518,0,"ʚEveɞ",-22.015,-49.058,0,"白霜らいふ",-13.378,-63.971,0,"P0TA0",19.211,-46.19,0,"ibqrqki",9.999,-64.81,0,"あおいぬ",38.816,-103.38,0,"カズティー",-0.33,-121.458,0,"NABIMan",-52.008,-103.481,0,0,0,0,0,0,"",0,0,0,0,,,,,4,3
142,7,0,9,0,2,2,0,0,0,0,255,255,255,58,5416.314,"인생최패망자",R,3,77,104,-3.296,-0.798,0.625,1.219,-0.544,1.213,-36.739,63.118,8,92,0,4,0,-446.805,20.33,15.443,0,0,1,5,7,R,"紅さかな",173.2,86,0.422,0,102,W,Y,0,0,0,0,0,0,0,0,0,0,0,0,0,0,0,0,0.161,-37.364,0,"sano jpn",-1.141,-20.147,0,"ʚEveɞ",-22.192,-47.701,0,"白霜らいふ",-12.869,-63.846,0,"P0TA0",19.021,-45.676,0,"ibqrqki",10.022,-65.27,0,"あおいぬ",39.823,-102.557,0,"カズティー",-0.989,-119.751,0,"NABIMan",-52.425,-102.804,0,0,0,0,0,0,"",0,0,0,0,5416.19,,,,0,0
143,7,0,9,0,0,0,1,0,0,0,255,255,255,59,5434.441,"인생최패망자",R,32,93,140,-1.034,0.726,0.633,1.511,-0.777,1.997,-36.739,29.724,0,100,0,2,0,228.417,-88.278,27.897,0,0,1,6,4,R,"Pugeuk",190,86.201,0.347,3,67,W,Y,5435.51,255,81,132,13,17,145,111,-30,50.947,0.92,0,0.7,256.337,-155.078,-6.951,0.219,-37.031,0,"sano jpn",-0.117,-17.504,0,"ʚEveɞ",-22.352,-48.93,0,"白霜らいふ",-12.139,-63.53,0,"P0TA0",19.361,-45.62,0,"ibqrqki",10.017,-65.958,0,"あおいぬ",40.44,-105.279,0,"カズティー",-0.099,-124.225,0,"NABIMan",-52.851,-101.067,0,5433.98,-2.721,-20.462,0,0,"",0,0,0,0,,,,,4,3
144,7,0,9,0,0,1,1,0,0,0,255,255,255,60,5446.23,"인생최패망자",R,13,83,107,-2.949,-1.165,0.719,1.259,-0.56,1.337,-36.739,59.763,2,98,0,4,0,-379.139,313.178,16.716,0,0,1,6,4,R,"Pugeuk",190,86.201,0.347,0,67,W,Y,0,0,0,0,0,0,0,0,0,0,0,0,0,0,0,0,0.053,-37.583,0,"sano jpn",-0.443,-17.487,0,"ʚEveɞ",-22.142,-49.118,0,"白霜らいふ",-13.789,-63.28,0,"P0TA0",18.721,-46.832,0,"ibqrqki",9.207,-65.521,0,"あおいぬ",39.906,-104.418,0,"カズティー",-0.996,-120.372,0,"NABIMan",-49.952,-98.673,0,0,0,0,0,0,"",0,0,0,0,5446.067,,,,0,0
145,7,0,9,0,0,2,1,0,0,0,255,255,255,61,5457.853,"인생최패망자",R,32,91,140,-0.185,-0.35,0.803,1.186,-0.453,1.281,-36.739,58.273,4,96,0,2,0,250,-141.931,11.526,0,0,1,6,4,R,"Pugeuk",190,86.201,0.347,3,67,W,Y,5458.94,247,32,159,7,14,145,119,-30,27.743,0.14,0,0.704,-403.961,160.323,-128.1,0.006,-36.824,0,"sano jpn",-0.142,-17.709,0,"ʚEveɞ",-22.234,-49.023,85,"白霜らいふ",-14.039,-63.435,0,"P0TA0",18.371,-46.986,0,"ibqrqki",9.257,-65.324,0,"あおいぬ",40.315,-105.381,0,"カズティー",-1.002,-120.239,0,"NABIMan",-50.23,-99.32,0,5457.291,-0.695,-20.476,5459.042,2,"ʚEveɞ",-18.67,-45.138,0,0,,,,,6,2
146,7,0,9,0,0,0,2,0,0,0,255,255,255,62,5483.409,"인생최패망자",R,3,74,114,2.163,-0.967,0.987,1.305,1.724,1.06,-36.739,89.673,12,88,0,4,0,-452.464,0,4.083,0,0,1,7,6,L,"horisen",174.7,94.856,0.448,0,67,W,Y,0,0,0,0,0,0,0,0,0,0,0,0,0,0,0,0,0.196,-37.396,0,"sano jpn",-0.151,-17.478,0,"ʚEveɞ",-22.014,-48.625,0,"白霜らいふ",-5.822,-66.642,0,"P0TA0",19.222,-46.343,0,"ibqrqki",13.804,-64.103,0,"あおいぬ",48.088,-100.56,0,"カズティー",-0.17,-117.303,0,"NABIMan",-48.842,-100.192,0,0,0,0,0,0,"",0,0,0,0,5483.222,,,,0,0
147,7,0,9,0,0,1,2,0,0,0,255,255,255,63,5494.603,"인생최패망자",R,32,84,136,1.569,1.339,0.965,1.487,0.304,2.309,-36.739,61.484,0,100,0,4,0,244.615,-78.345,4.325,0,0,1,7,6,L,"horisen",174.7,94.856,0.448,0,67,W,Y,0,0,0,0,0,0,0,0,0,0,0,0,0,0,0,0,0.246,-37.215,0,"sano jpn",-0.074,-17.566,0,"ʚEveɞ",-21.695,-48.317,0,"白霜らいふ",-5.784,-66.739,0,"P0TA0",19.191,-46.413,0,"ibqrqki",13.317,-64.082,0,"あおいぬ",45.216,-102.07,0,"カズティー",-0.439,-117.366,0,"NABIMan",-47.387,-100.995,0,0,0,0,0,0,"",0,0,0,0,5494.286,,,,0,0
148,7,0,9,0,0,2,2,0,0,0,255,255,255,64,5506.909,"인생최패망자",R,13,81,106,-2.37,-1.973,0.8,1.211,-0.311,0.971,-36.739,55.271,2,98,0,1,0,-374.123,315.07,11.799,-0.642,-18.707,0,7,6,L,"horisen",174.7,94.856,0.448,0,67,W,Y,0,0,0,0,0,0,0,0,0,0,0,0,0,0,0,0,0.25,-37.6,0,"sano jpn",-0.898,-17.13,0,"ʚEveɞ",-21.768,-48.463,0,"白霜らいふ",-5.813,-66.763,0,"P0TA0",19.327,-45.86,0,"ibqrqki",13.372,-63.916,0,"あおいぬ",44.398,-101.21,0,"カズティー",-1.047,-120.345,0,"NABIMan",-46.695,-101.815,0,0,0,0,0,0,"",0,0,0,0,5506.732,,,,0,0
149,7,0,9,0,1,2,2,0,0,0,255,255,255,65,5518.04,"인생최패망자",R,32,88,140,0.032,-0.582,0.823,1.167,-0.357,1.18,-36.739,71.731,4,23,73,0,0,250,-106.681,4.803,0.177,-18.149,0,7,6,L,"horisen",174.7,94.856,0.448,0,67,W,Y,0,0,0,0,0,0,0,0,0,0,0,0,0,0,0,0,0.258,-37.823,0,"sano jpn",0.476,-18.266,0,"ʚEveɞ",-21.959,-48.619,0,"白霜らいふ",-5.789,-66.754,0,"P0TA0",19.408,-45.739,0,"ibqrqki",13.336,-63.857,0,"あおいぬ",43.252,-102.664,0,"カズティー",-0.449,-120.333,0,"NABIMan",-46.677,-101.823,0,0,0,0,0,0,"",0,0,0,0,5519.505,,,,0,0
150,7,0,9,0,0,0,2,1,0,0,16,255,255,66,5634.024,"ʚEveɞ",R,26,88,140,-1.581,0.489,0.141,2.153,-0.719,1.677,-36.442,31.37,84,16,0,1,0,19.299,-200,14.346,0,0,0,8,5,L,"alcohol500",175.1,86.32,0.398,0,67,W,Y,0,0,0,0,0,0,0,0,0,0,0,0,0,0,0,0,-0.006,-37.087,0,"sano jpn",-0.048,-17.367,0,"인생최패망자",-17.435,-42.689,0,"白霜らいふ",-8.275,-63.673,0,"P0TA0",19.875,-45.769,0,"ibqrqki",12.845,-63.471,0,"あおいぬ",43.376,-99.305,0,"カズティー",1.262,-118.586,0,"NABIMan",-48.276,-98.806,0,0,0,0,0,0,"",0,0,0,0,5633.524,,,,0,0
151,7,0,9,0,1,0,2,1,0,0,16,255,255,67,5648.516,"ʚEveɞ",R,6,54,99,-1.471,0.683,-0.064,2.244,-1.67,1.995,-36.442,24.664,90,10,0,0,0,450,0,35.616,0,0,0,8,5,L,"alcohol500",175.1,86.32,0.398,0,67,W,Y,0,0,0,0,0,0,0,0,0,0,0,0,0,0,0,0,0.196,-37.111,0,"sano jpn",0.068,-17.329,0,"인생최패망자",-18.78,-40.862,0,"白霜らいふ",-8.93,-63.825,0,"P0TA0",19.253,-46.048,0,"ibqrqki",12.908,-63.145,0,"あおいぬ",42.111,-100.309,0,"カズティー",0.78,-118.712,0,"NABIMan",-46.961,-100.514,0,0,0,0,0,0,"",0,0,0,0,5648.257,,,,0,0
152,7,0,9,0,1,1,2,1,0,0,16,255,255,68,5667.254,"ʚEveɞ",R,0,72,123,0.345,-0.282,0.285,2.13,0.185,1.408,-36.442,36.967,88,12,0,2,0,-27.745,0,-14.09,0,0,1,8,5,L,"alcohol500",175.1,86.32,0.398,3,67,W,Y,5668.195,176,29,94,67,30,145,126,-21.638,-15.233,0.71,0,0.243,-432.923,-408.043,22.666,-0.076,-36.759,0,"sano jpn",0.003,-17.532,0,"인생최패망자",-16.107,-44.167,0,"白霜らいふ",-7.585,-64.203,0,"P0TA0",19.314,-45.914,0,"ibqrqki",12.902,-63.001,99,"あおいぬ",44.32,-100.824,0,"カズティー",0.888,-117.646,0,"NABIMan",-46.423,-101.291,0,5666.593,0.498,-21.179,5668.263,5,"ibqrqki",10.35,-56.87,0,0,,5673.739,,,132,2
