id,inn,half,scoreA,scoreB,ball,strk,out,b1,b2,b3,b1Idx,b2Idx,b3Idx,pCnt,pSec,pName,pHand,pType,pPow,spdK,zoneX,zoneY,startX,startY,targetX,targetY,zDist,pitchAngle,pOver,pSide,pUnder,call,balk,sH,sV,gyro,plx,plz,bSwing,bIdx,bPos,bZone,bName,bHCm,batLen,batCen,batType,bFps,bOS,bVR,hSec,rotS,rotL,shS,lgS,prepS,batSpd,ev,ldeg,sdeg,hPos,buntGrip,handDist,angVeloX,angVeloY,angVeloZ,PPosX,PPosY,PThrSpd,CName,CPosX,CPosY,CThrSpd,1BName,1BPosX,1BPosY,1BThrSpd,2BName,2BPosX,2BPosY,2BThrSpd,3BName,3BPosX,3BPosY,3BThrSpd,SSName,SSPosX,SSPosY,SSThrSpd,LFName,LFPosX,LFPosY,LFThrSpd,CFName,CFPosX,CFPosY,CFThrSpd,RFName,RFPosX,RFPosY,RFThrSpd,ltSec,lx,lz,cSec,cPos,cPlr,cx,cz,1BSafe,tag,cpSec,sb2Sec,sb3Sec,sbhSec,ass,result
1,1,1,0,0,0,0,0,0,0,0,255,255,255,0,1787.975,"Slaris",R,28,75,126,1.007,-0.108,0.431,1.906,0.331,1.452,-36.485,53.205,62,29,9,2,0,62.053,-66.073,19.612,0,0,1,0,7,R,"「yune」",174.8,80,0.28,3,57,W,Y,1789.069,255,98,85,80,36,145,85,-20.3,-36.928,-0.8,0,0.108,-422.421,-317.106,5.857,0.096,-36.699,0,"-라후이-",0.142,-17.639,0,"Floră",-18.864,-44.775,85,"낑깡__",-13.894,-67.751,0,"Ainy4／あいにゃ",19.669,-49.549,118,"ぐだもん",13.251,-64.472,0,"Kenomo",40.551,-98.745,0,"아침땅_",-1.471,-117.108,0,"ディシジョン",-46.422,-89.092,0,1789.099,1.768,-22.198,1790.749,4,"Ainy4／あいにゃ",18.055,-43.849,0,1,,,,,22,2
2,1,1,0,0,0,0,1,0,0,0,255,255,255,1,1817.08,"Slaris",R,26,88,140,1.847,0.013,0.29,1.81,0.745,1.474,-36.485,36.38,77,15,8,1,0,45.034,-159.3,21.585,0,0,0,1,6,R,"Espressο",190,85.071,0.2,0,57,W,Y,0,0,0,0,0,0,0,0,0,0,0,0,0,0,0,0,0.093,-37,0,"-라후이-",0.127,-17.675,0,"Floră",-18.9,-44.681,0,"낑깡__",-13.744,-68.047,0,"Ainy4／あいにゃ",19.197,-49.188,0,"ぐだもん",13.07,-62.23,0,"Kenomo",47.042,-104.207,0,"아침땅_",-1.019,-120.375,0,"ディシジョン",-53.108,-97.751,0,0,0,0,0,0,"",0,0,0,0,1818.099,,,,0,0
3,1,1,0,0,1,0,1,0,0,0,255,255,255,2,1834.801,"Slaris",R,27,89,140,-0.141,-0.91,0.233,1.807,-0.124,0.917,-36.485,37.297,78,19,3,2,0,40.786,-126.444,18.95,0,0,1,1,6,R,"Espressο",190,85.071,0.2,3,57,W,Y,1835.758,255,177,137,97,42,145,130,-30,-31.517,0.48,0,0.242,-497.641,300.892,-142.074,-0.068,-36.745,0,"-라후이-",0.084,-17.708,0,"Floră",-18.682,-44.895,80,"낑깡__",-13.799,-68.18,0,"Ainy4／あいにゃ",19.213,-49.146,0,"ぐだもん",12.545,-64.228,0,"Kenomo",45.223,-105.613,0,"아침땅_",-0.87,-120.348,0,"ディシジョン",-53.101,-97.744,0,1835.649,0.6,-21.264,1836.965,4,"Ainy4／あいにゃ",15.816,-46.155,0,0,,,,,22,2
4,1,1,0,0,0,0,2,0,0,0,255,255,255,3,1913.95,"Slaris",R,3,53,98,-5.33,0.039,-0.016,1.694,-1.517,1.657,-36.485,81.985,67,33,0,1,0,-445.455,0,7.788,0,0,0,2,1,R,"あくせる",190,89.801,0.5,0,75,W,Y,0,0,0,0,0,0,0,0,0,0,0,0,0,0,0,0,-0.182,-37.489,0,"-라후이-",-0.398,-17.525,0,"Floră",-18.79,-44.724,0,"낑깡__",-13.834,-68.128,0,"Ainy4／あいにゃ",19.118,-47.2,0,"ぐだもん",11.614,-65.064,0,"Kenomo",45.028,-104.948,0,"아침땅_",-0.597,-118.846,0,"ディシジョン",-53.003,-103.126,0,0,0,0,0,0,"",0,0,0,0,1915.382,,,,0,0
5,1,1,0,0,1,0,2,0,0,0,255,255,255,4,1929.433,"Slaris",R,33,79,129,2.477,1.091,0.447,1.891,0.907,2.255,-36.485,59.892,71,20,9,2,0,106.943,-33.573,17.584,0,0,1,2,1,R,"あくせる",190,89.801,0.5,3,75,W,Y,1930.542,255,55,91,71,30,145,93,34.305,-9.542,-0.71,0,0.24,405.873,354.66,-263.596,-0.004,-36.65,0,"-라후이-",0.197,-17.571,0,"Floră",-18.918,-45.016,0,"낑깡__",-13.405,-68.29,85,"Ainy4／あいにゃ",19.091,-47.148,0,"ぐだもん",11.084,-63.735,0,"Kenomo",44.845,-105.122,0,"아침땅_",-0.772,-118.816,101,"ディシジョン",-53.02,-103.132,0,1935.499,8.497,-94.432,1936.715,7,"아침땅_",8.58,-100.625,1,0,,,,,388,2
6,1,1,0,0,0,0,2,1,0,0,1,255,255,5,1965.524,"Slaris",R,27,92,140,0.577,-0.368,0.205,1.795,0.199,1.253,-36.485,35.876,77,17,6,0,0,42.898,-135.275,23.835,0,0,1,3,2,R,"にゃんこ65K",190,91.072,0.596,0,57,W,Y,0,0,0,0,0,0,0,0,0,0,0,0,0,0,0,0,0.137,-37.164,0,"-라후이-",0.25,-17.644,0,"Floră",-19.018,-44.447,0,"낑깡__",-13.752,-67.248,0,"Ainy4／あいにゃ",18.848,-46.768,0,"ぐだもん",11.752,-63.364,0,"Kenomo",45.045,-106.387,0,"아침땅_",-1.011,-117.36,0,"ディシジョン",-52.897,-98.845,0,0,0,0,0,0,"",0,0,0,0,1966.749,,,,0,0
7,1,1,0,0,0,1,2,1,0,0,1,255,255,6,2057.3,"Slaris",R,13,60,103,-1.971,-0.968,0.032,1.756,-0.132,1.45,-36.485,44.733,82,18,0,4,0,-365.589,312.348,-3.791,0,0,1,3,2,R,"にゃんこ65K",190,91.072,0.596,0,56,W,Y,0,0,0,0,0,0,0,0,0,0,0,0,0,0,0,0,-0.186,-37.522,0,"-라후이-",-0.644,-17.531,0,"Floră",-20.182,-43.063,0,"낑깡__",-14.404,-67.171,0,"Ainy4／あいにゃ",18.796,-47.212,0,"ぐだもん",12.502,-63.681,0,"Kenomo",44.434,-107.39,0,"아침땅_",-1.002,-118.035,0,"ディシジョン",-52.914,-98.843,0,0,0,0,0,0,"",0,0,0,0,2058.699,,,,0,0
8,1,1,0,0,0,2,2,1,0,0,1,255,255,7,2076.367,"Slaris",R,34,83,134,0.414,0.472,0.392,1.852,0.212,1.295,-36.485,54.095,80,15,5,2,0,78.943,-45.029,15.23,0,0,1,3,2,R,"にゃんこ65K",190,91.072,0.596,3,56,W,Y,2077.435,227,90,129,79,0,145,96,34.283,-13.405,-0.55,0,0.176,438.592,6.284,324.386,-0.23,-36.914,0,"-라후이-",0.216,-17.584,0,"Floră",-18.969,-45.062,0,"낑깡__",-13.699,-67.436,0,"Ainy4／あいにゃ",18.577,-47.162,0,"ぐだもん",9.739,-60.798,0,"Kenomo",43.302,-103.419,119,"아침땅_",-1.009,-117.402,0,"ディシジョン",-52.924,-98.857,0,2082.582,17.437,-97.474,2083.765,6,"Kenomo",17.671,-103.21,1,4,2164.382,2082.504,2087.587,,54,2
9,1,0,0,0,0,0,0,0,0,0,255,255,255,0,2271.544,"kneesohime",R,26,85,138,-1.673,0.463,0.037,1.696,-0.757,1.745,-36.49,15.723,55,45,0,2,0,23.729,-178.466,23.204,0,0,1,0,1,L,"-라후이-",190,87.311,0.496,3,56,W,Y,2272.273,242,47,52,61,7,136,86,11.586,34.653,-0.79,0,0.351,443.794,-331.407,24.456,-0.129,-37.143,0,"あくせる",-0.244,-17.563,0,"にゃんこ65K",-21.149,-51.798,100,"vovopo 보보포",-9.949,-60.713,0,"Parottey",20.973,-45.784,0,"CoalCat",12.697,-62.777,0,"Espressο",53.053,-99.857,0,"「yune」",5.276,-116.152,0,"Metalu",-36.514,-88.863,0,0,0,0,2274.132,2,"にゃんこ65K",-18.568,-48.133,0,0,,,,,24,1
10,1,0,0,0,0,0,1,0,0,0,255,255,255,1,2292.987,"kneesohime",R,3,77,117,0.167,0.557,0.401,1.801,0.63,1.954,-36.49,43.539,91,9,0,0,0,-395.797,0,-9.355,0,0,0,1,4,L,"Ainy4／あいにゃ",188.5,85,0.512,0,60,W,Y,0,0,0,0,0,0,0,0,0,0,0,0,0,0,0,0,-0.082,-37.817,0,"あくせる",0.076,-17.554,0,"にゃんこ65K",-21.139,-51.019,0,"vovopo 보보포",-10.525,-60.28,0,"Parottey",20.712,-46.62,0,"CoalCat",11.747,-62.445,0,"Espressο",53.672,-100.625,0,"「yune」",2.209,-110.733,0,"Metalu",-34.59,-85.529,0,0,0,0,0,0,"",0,0,0,0,2294.249,,,,0,0
11,1,0,0,0,0,1,1,0,0,0,255,255,255,2,2310.324,"kneesohime",R,10,83,124,0.742,-1.99,0.268,1.409,0.315,0.808,-36.49,23.181,44,56,0,1,0,0,400,7.418,0.124,-18.876,0,1,4,L,"Ainy4／あいにゃ",188.5,85,0.512,0,60,W,Y,0,0,0,0,0,0,0,0,0,0,0,0,0,0,0,0,0.148,-37.539,0,"あくせる",0.171,-17.558,0,"にゃんこ65K",-21.281,-50.528,0,"vovopo 보보포",-9.822,-60.34,0,"Parottey",20.449,-46.157,0,"CoalCat",12.043,-62.146,0,"Espressο",55.139,-101.864,0,"「yune」",6.897,-114.825,0,"Metalu",-34.651,-86.197,0,0,0,0,0,0,"",0,0,0,0,2311.565,,,,0,0
12,1,0,0,0,1,1,1,0,0,0,255,255,255,3,2329.484,"kneesohime",R,27,80,117,-1.178,0.347,-0.007,1.679,-0.641,1.679,-36.49,12.949,49,51,0,0,0,75.905,-144.874,5.713,0,0,0,1,4,L,"Ainy4／あいにゃ",188.5,85,0.512,0,60,W,Y,0,0,0,0,0,0,0,0,0,0,0,0,0,0,0,0,-0.081,-37.707,0,"あくせる",-0.119,-17.491,0,"にゃんこ65K",-21.662,-51.464,0,"vovopo 보보포",-10.164,-60.264,0,"Parottey",20.775,-46.011,0,"CoalCat",12.043,-62.157,0,"Espressο",55.635,-98.492,0,"「yune」",6.433,-114.671,0,"Metalu",-34.665,-86.233,0,0,0,0,0,0,"",0,0,0,0,2330.732,,,,0,0
13,1,0,0,0,1,2,1,0,0,0,255,255,255,4,2348.103,"kneesohime",R,14,75,102,2.199,-0.642,0.302,1.712,0.317,1.751,-36.49,19.83,60,40,0,1,0,313.591,368.28,3.901,0,0,0,1,4,L,"Ainy4／あいにゃ",188.5,85,0.512,0,60,W,Y,0,0,0,0,0,0,0,0,0,0,0,0,0,0,0,0,-0.116,-37.418,0,"あくせる",0.383,-17.436,0,"にゃんこ65K",-21.666,-51.487,0,"vovopo 보보포",-10.276,-60.275,0,"Parottey",21.374,-46.61,0,"CoalCat",12.806,-62.255,0,"Espressο",55.502,-98.511,0,"「yune」",6.651,-114.791,0,"Metalu",-33.647,-86.707,0,0,0,0,0,0,"",0,0,0,0,2349.432,,,,0,0
14,1,0,0,0,2,2,1,0,0,0,255,255,255,5,2365.699,"kneesohime",R,29,69,109,-0.474,-0.635,0.238,1.374,0.118,1.014,-36.49,22.067,50,50,0,0,0,-213.087,-200,68.858,0,0,0,1,4,L,"Ainy4／あいにゃ",188.5,85,0.512,0,60,W,Y,0,0,0,0,0,0,0,0,0,0,0,0,0,0,0,0,0.039,-37.534,0,"あくせる",0.151,-17.363,0,"にゃんこ65K",-22.037,-49.336,0,"vovopo 보보포",-10.375,-60.245,0,"Parottey",21.177,-46.354,0,"CoalCat",12.773,-62.195,0,"Espressο",55.648,-98.474,0,"「yune」",4.657,-114.615,0,"Metalu",-33.735,-86.694,0,0,0,0,0,0,"",0,0,0,0,2367.015,,,,0,0
15,1,0,0,0,0,0,2,0,0,0,255,255,255,6,2387.738,"kneesohime",R,28,95,140,-0.047,-0.084,0.19,1.624,-0.046,1.513,-36.49,13.357,54,46,0,0,0,16.373,-50.235,3.547,0,0,0,2,0,R,"Slaris",190,85.704,0.452,0,56,W,Y,0,0,0,0,0,0,0,0,0,0,0,0,0,0,0,0,0.064,-37.673,0,"あくせる",0.061,-17.367,0,"にゃんこ65K",-21.417,-50.624,0,"vovopo 보보포",-12.672,-59.904,0,"Parottey",19.746,-50.59,0,"CoalCat",10.725,-63.423,0,"Espressο",40.879,-111.642,0,"「yune」",-7.731,-112.475,0,"Metalu",-40.348,-82.121,0,0,0,0,0,0,"",0,0,0,0,2388.716,,,,0,0
16,1,0,0,0,0,1,2,0,0,0,255,255,255,7,2402.994,"kneesohime",R,26,73,112,2.254,0.645,0.497,1.839,1.023,1.854,-36.49,36.047,96,4,0,1,0,-31.527,-153.548,2.485,0,0,0,2,0,R,"Slaris",190,85.704,0.452,0,56,W,Y,0,0,0,0,0,0,0,0,0,0,0,0,0,0,0,0,-0.019,-37.728,0,"あくせる",0.121,-17.335,0,"にゃんこ65K",-21.466,-50.672,0,"vovopo 보보포",-12.657,-59.909,0,"Parottey",20.035,-50.867,0,"CoalCat",10.739,-63.421,0,"Espressο",41.765,-111.06,0,"「yune」",-7.83,-113.761,0,"Metalu",-40.378,-82.114,0,0,0,0,0,0,"",0,0,0,0,2404.115,,,,0,0
17,1,0,0,0,1,1,2,0,0,0,255,255,255,8,2419.949,"kneesohime",R,0,87,123,-0.253,-0.14,0.163,1.604,-0.115,1.516,-36.49,20.562,56,44,0,2,0,0,0,-5.183,0,0,0,2,0,R,"Slaris",190,85.704,0.452,3,56,W,Y,2420.809,239,122,144,121,47,145,130,26.501,-20.226,0.52,0,0.251,-188.263,486.321,228.928,-0.337,-37.117,0,"あくせる",-0.528,-17.536,0,"にゃんこ65K",-21.716,-50.828,0,"vovopo 보보포",-12.772,-59.789,85,"Parottey",20.415,-50.943,0,"CoalCat",10.845,-63.372,0,"Espressο",42.127,-109.736,0,"「yune」",-7.837,-113.753,90,"Metalu",-38.408,-83.884,0,2425.365,24.705,-129.196,2427.899,7,"「yune」",18.426,-127.66,1,0,,2430.749,,,145,2
18,1,0,0,0,0,0,2,0,1,0,255,10,255,9,2452.426,"kneesohime",R,4,69,103,-1.024,-0.357,0.175,1.595,-0.078,1.487,-36.49,24.962,49,51,0,0,0,-226.003,61.772,-21.664,0,0,0,3,8,R,"ディシジョン",180.2,92.496,0.622,0,56,W,Y,0,0,0,0,0,0,0,0,0,0,0,0,0,0,0,0,-0.06,-37.725,0,"あくせる",-0.194,-17.615,0,"にゃんこ65K",-21.794,-48.841,0,"vovopo 보보포",-13.574,-60.023,0,"Parottey",18.598,-48.026,0,"CoalCat",8.577,-62.304,0,"Espressο",46.282,-108.535,0,"「yune」",-0.058,-113.139,0,"Metalu",-37.709,-84.373,0,0,0,0,0,0,"",0,0,0,0,2453.765,2455.048,,,0,0
19,1,0,0,0,0,1,2,0,1,0,255,10,255,10,2469.467,"kneesohime",R,26,93,140,1.437,0.009,0.326,1.603,0.587,1.431,-36.49,18.684,33,67,0,2,0,22.062,-200,14.083,0,0,1,3,8,R,"ディシジョン",180.2,92.496,0.622,3,56,W,Y,2470.475,185,68,140,15,20,145,119,-27.943,48.037,0.8,0.095,0.306,-123.278,532.246,-161.274,0.049,-37.395,0,"あくせる",0.219,-17.467,0,"にゃんこ65K",-21.681,-49.03,0,"vovopo 보보포",-13.561,-60.006,0,"Parottey",19.692,-48.306,0,"CoalCat",9.032,-61.918,0,"Espressο",46.295,-108.504,0,"「yune」",0.275,-113.338,0,"Metalu",-39.858,-83.268,93,2470.432,-1.783,-20.042,2474.749,-1,"집으로_",-49.538,-72.97,0,0,,2475.478,,,272,2
20,1,0,0,0,0,2,2,0,1,0,255,10,255,11,2520.713,"kneesohime",R,12,79,126,-2.902,-1.33,-0.071,1.463,-1.262,0.954,-36.49,16.926,53,47,0,1,0,0,127.882,2.742,0,0,0,3,8,R,"ディシジョン",180.2,92.496,0.622,0,56,W,Y,0,0,0,0,0,0,0,0,0,0,0,0,0,0,0,0,-0.009,-37.639,0,"あくせる",-0.509,-18.153,0,"にゃんこ65K",-22.189,-49.04,0,"vovopo 보보포",-14.107,-59.936,0,"Parottey",19.08,-48.129,0,"CoalCat",8.823,-62.259,0,"Espressο",45.364,-109.917,0,"「yune」",-3.605,-115.197,0,"Metalu",-38.485,-80.974,0,0,0,0,0,0,"",0,0,0,0,2521.949,2523.315,,,0,0
21,1,0,0,0,1,2,2,0,1,0,255,10,255,12,2540.197,"kneesohime",R,1,64,104,0.035,-0.445,0.385,1.515,0.575,1.306,-36.49,31.791,63,37,0,2,0,1.684,1.989,1.36,0,0,1,3,8,R,"ディシジョン",180.2,92.496,0.622,3,56,W,Y,2541.325,146,95,255,61,0,145,99,20.255,24.874,0.93,0.19,0.343,0.815,230.423,-331.297,0.082,-37.117,0,"あくせる",-0.116,-17.7,0,"にゃんこ65K",-22.211,-48.871,0,"vovopo 보보포",-13.916,-59.893,0,"Parottey",19.161,-47.176,0,"CoalCat",8.923,-62.39,0,"Espressο",45.038,-108.433,0,"「yune」",-3.606,-115.218,0,"Metalu",-40.115,-82.684,0,2545.382,-36.582,-92.587,2545.682,8,"Metalu",-34.46,-88.878,0,0,,,2545.36,,260,1
22,2,1,0,0,0,0,0,0,0,0,255,255,255,8,2596.035,"Slaris",R,13,63,105,-3.548,-0.358,0.079,1.771,-0.824,1.823,-36.485,47.78,69,31,0,1,0,-372.687,312.348,-5.032,0,0,0,4,0,R,"kneesohime",190,84.513,0.501,0,56,W,Y,0,0,0,0,0,0,0,0,0,0,0,0,0,0,0,0,-0.19,-37.546,0,"-라후이-",-0.227,-17.414,0,"Floră",-18.954,-45.025,0,"낑깡__",-14.33,-68.047,0,"Ainy4／あいにゃ",19.781,-48.849,0,"ぐだもん",11.789,-63.885,0,"Kenomo",43.197,-104.528,0,"아침땅_",-1.155,-116.904,0,"ディシジョン",-53.546,-98.111,0,0,0,0,0,0,"",0,0,0,0,2597.432,,,,0,0
23,2,1,0,0,1,0,0,0,0,0,255,255,255,9,2609.113,"Slaris",R,13,57,101,1.277,-0.915,0.275,1.757,1.279,1.496,-36.485,58.359,67,33,0,2,0,-358.49,312.348,-2.404,0,0,1,4,0,R,"kneesohime",190,84.513,0.501,3,56,W,Y,2610.314,255,199,180,106,69,145,130,101.239,-60.766,0.47,0,0.217,378.519,-1.103,328.834,-0.047,-36.685,0,"-라후이-",0.03,-17.724,0,"Floră",-19.053,-45.222,0,"낑깡__",-13.933,-67.098,0,"Ainy4／あいにゃ",20.016,-49.87,0,"ぐだもん",12.004,-64.088,0,"Kenomo",42.072,-102.557,0,"아침땅_",-1.111,-116.881,0,"ディシジョン",-53.549,-98.128,0,0,0,0,0,0,"",0,0,0,0,,,,,4,3
24,2,1,0,0,1,1,0,0,0,0,255,255,255,10,2626.507,"Slaris",R,34,83,134,3.14,1.142,0.509,1.893,1.259,2.302,-36.485,59.002,69,25,6,1,0,66.639,-19.963,11.204,0,0,0,4,0,R,"kneesohime",190,84.513,0.501,0,56,W,Y,0,0,0,0,0,0,0,0,0,0,0,0,0,0,0,0,0.234,-36.878,0,"-라후이-",0.146,-17.588,0,"Floră",-18.543,-44.44,0,"낑깡__",-14.087,-68.074,0,"Ainy4／あいにゃ",19.965,-48.946,0,"ぐだもん",12.711,-64.126,0,"Kenomo",40.171,-101.49,0,"아침땅_",-1.078,-116.871,0,"ディシジョン",-54.291,-99.547,0,0,0,0,0,0,"",0,0,0,0,2627.782,,,,0,0
25,2,1,0,0,2,1,0,0,0,0,255,255,255,11,2640.068,"Slaris",R,34,73,124,1.513,0.244,0.439,1.832,0.514,1.721,-36.485,59.887,64,31,5,2,0,84.196,-29.519,14.02,0,0,1,4,0,R,"kneesohime",190,84.513,0.501,3,56,W,Y,2641.248,255,115,139,72,59,145,130,106.265,-70.908,0.29,0,0.184,489.912,187.68,-24.597,0.081,-36.674,0,"-라후이-",0.167,-17.692,0,"Floră",-18.812,-44.712,0,"낑깡__",-14.036,-67.913,0,"Ainy4／あいにゃ",19.917,-48.9,0,"ぐだもん",12.438,-63.986,0,"Kenomo",43.501,-105.552,0,"아침땅_",-0.937,-116.897,0,"ディシジョン",-55.045,-99.583,0,0,0,0,0,0,"",0,0,0,0,,,,,4,3
26,2,1,0,0,2,2,0,0,0,0,255,255,255,12,2659.199,"Slaris",R,33,88,140,1.665,0.304,0.342,1.832,0.578,1.763,-36.485,45.629,65,29,6,2,0,102.252,-34.487,16.059,0,0,1,4,0,R,"kneesohime",190,84.513,0.501,3,56,W,Y,2660.288,229,107,106,67,42,145,90,-25.647,26.572,-0.83,0,0.18,-86.345,586.066,95.242,-0.224,-36.956,0,"-라후이-",0.214,-17.657,0,"Floră",-18.831,-44.843,81,"낑깡__",-14.218,-68.117,91,"Ainy4／あいにゃ",19.765,-49.02,0,"ぐだもん",11.639,-63.387,0,"Kenomo",42.664,-102.5,0,"아침땅_",-1.093,-116.711,0,"ディシジョン",-54.425,-100.733,0,2660.166,-0.826,-21.417,2663.032,3,"낑깡__",-21.706,-61.308,0,0,,,,,148,2
27,2,1,0,0,0,0,1,0,0,0,255,255,255,13,2688.743,"Slaris",R,3,61,107,-3.057,-0.433,0.151,1.666,-0.768,1.349,-36.485,59.654,58,42,0,1,0,-352.72,0,5.44,0,0,0,5,4,R,"Parottey",190,84,0.442,0,56,W,Y,0,0,0,0,0,0,0,0,0,0,0,0,0,0,0,0,0.108,-37.05,0,"-라후이-",-0.186,-17.575,0,"Floră",-18.63,-44.417,0,"낑깡__",-13.872,-67.774,0,"Ainy4／あいにゃ",20.126,-49.725,0,"ぐだもん",11.257,-63.47,0,"Kenomo",41.764,-98.839,0,"아침땅_",-1.099,-117.425,0,"ディシジョン",-52.298,-101.345,0,0,0,0,0,0,"",0,0,0,0,2690.115,,,,0,0
28,2,1,0,0,1,0,1,0,0,0,255,255,255,14,2702.525,"Slaris",R,27,90,140,0.168,-0.996,0.184,1.734,0.061,0.858,-36.485,29.589,73,22,5,1,0,4.917,-134.687,11.339,0,0,0,5,4,R,"Parottey",190,84,0.442,0,56,W,Y,0,0,0,0,0,0,0,0,0,0,0,0,0,0,0,0,0.144,-37.244,0,"-라후이-",0.169,-17.766,0,"Floră",-18.864,-44.812,0,"낑깡__",-13.962,-68.295,0,"Ainy4／あいにゃ",20.032,-49.678,0,"ぐだもん",11.22,-63.236,0,"Kenomo",38.005,-99.672,0,"아침땅_",-1.09,-117.411,0,"ディシジョン",-52.319,-101.374,0,0,0,0,0,0,"",0,0,0,0,2703.765,,,,0,0
29,2,1,0,0,2,0,1,0,0,0,255,255,255,15,2716.314,"Slaris",R,34,86,140,1.492,0.819,0.422,1.906,0.511,2.081,-36.485,56.552,66,27,7,2,0,94.127,-40.78,17.095,0,0,1,5,4,R,"Parottey",190,84,0.442,3,56,W,Y,2717.357,158,121,72,53,33,138,130,27.242,45.628,0.51,0,0.407,-155.571,424.462,-195.228,0.133,-36.569,0,"-라후이-",0.253,-17.649,0,"Floră",-18.74,-44.751,0,"낑깡__",-14.172,-67.792,0,"Ainy4／あいにゃ",19.959,-49.656,0,"ぐだもん",11.983,-63.672,0,"Kenomo",42.123,-98.658,0,"아침땅_",-1.096,-117.427,0,"ディシジョン",-52.309,-101.359,0,2721.999,-88.627,-91.08,0,0,"",0,0,0,0,,,,,4,3
30,2,1,0,0,2,1,1,0,0,0,255,255,255,16,2736.402,"Slaris",R,13,57,101,-2.241,-0.526,0.161,1.728,-0.249,1.745,-36.485,55.254,70,30,0,1,0,-358.49,312.348,7.713,0,0,0,5,4,R,"Parottey",190,84,0.442,0,58,W,Y,0,0,0,0,0,0,0,0,0,0,0,0,0,0,0,0,0.186,-37.048,0,"-라후이-",-0.182,-17.615,0,"Floră",-18.761,-44.704,0,"낑깡__",-13.772,-67.896,0,"Ainy4／あいにゃ",20.057,-48.443,0,"ぐだもん",12.246,-63.87,0,"Kenomo",41.113,-98.525,0,"아침땅_",-1.25,-116.553,0,"ディシジョン",-55.594,-100.33,0,0,0,0,0,0,"",0,0,0,0,2737.782,,,,0,0
31,2,1,0,0,3,1,1,0,0,0,255,255,255,17,2751.288,"Slaris",R,3,63,105,-2.533,0.308,0.289,1.775,-0.187,1.817,-36.485,53.871,66,34,0,4,0,-477.273,0,6.486,0,0,1,5,4,R,"Parottey",190,84,0.442,0,58,W,Y,0,0,0,0,0,0,0,0,0,0,0,0,0,0,0,0,0.004,-37.313,0,"-라후이-",-0.064,-17.509,0,"Floră",-18.968,-44.983,0,"낑깡__",-13.666,-67.286,0,"Ainy4／あいにゃ",18.331,-48.974,0,"ぐだもん",12.207,-63.907,0,"Kenomo",39.161,-101.479,0,"아침땅_",-1.194,-116.544,0,"ディシジョン",-54.904,-100.851,0,0,0,0,0,0,"",0,0,0,0,2752.699,,,,0,0
32,2,1,0,0,3,2,1,0,0,0,255,255,255,18,2778.028,"Slaris",R,3,66,107,-0.178,-0.549,0.415,1.822,0.828,1.268,-36.485,50.743,79,21,0,0,0,-486.364,0,0.479,0,0,0,5,4,R,"Parottey",190,84,0.442,0,58,W,Y,0,0,0,0,0,0,0,0,0,0,0,0,0,0,0,0,0.042,-37.311,0,"-라후이-",-0.363,-17.643,0,"Floră",-19.286,-42.644,0,"낑깡__",-14.133,-68.107,0,"Ainy4／あいにゃ",20.065,-48.37,0,"ぐだもん",12.453,-64.771,0,"Kenomo",40.798,-99.447,0,"아침땅_",-1.029,-116.52,0,"ディシジョン",-54.438,-101.265,0,0,0,0,0,0,"",0,0,0,0,2779.499,,,,0,0
33,2,1,0,0,0,0,2,0,0,0,255,255,255,19,2798.969,"Slaris",R,34,83,135,1.387,0.011,0.424,1.899,0.514,1.555,-36.485,57.846,65,32,3,0,0,63.593,-39.904,12.797,0,0,0,6,5,R,"CoalCat",175.1,82.838,0.435,0,57,W,Y,0,0,0,0,0,0,0,0,0,0,0,0,0,0,0,0,0.143,-36.791,0,"-라후이-",0.163,-17.824,0,"Floră",-18.106,-43.897,0,"낑깡__",-14.188,-67.742,0,"Ainy4／あいにゃ",20.165,-48.361,0,"ぐだもん",12.064,-63.528,0,"Kenomo",41.476,-96.272,0,"아침땅_",-1.649,-110.282,0,"ディシジョン",-51.4,-93.624,0,0,0,0,0,0,"",0,0,0,0,2800.199,,,,0,0
34,2,1,0,0,0,1,2,0,0,0,255,255,255,20,2811.347,"Slaris",R,28,87,140,1.848,0.624,0.298,1.839,0.711,1.879,-36.485,39.412,74,22,4,2,0,63.624,-83.025,14.053,0,0,1,6,5,R,"CoalCat",175.1,82.838,0.435,3,57,W,Y,2812.384,254,68,89,67,13,145,90,23.558,-37.993,-0.55,0,0.387,-71.939,-113.721,45.512,0.031,-36.735,0,"-라후이-",0.29,-17.723,0,"Floră",-18.277,-44.17,0,"낑깡__",-13.616,-67.208,90,"Ainy4／あいにゃ",20.108,-48.33,0,"ぐだもん",12.117,-63.335,0,"Kenomo",40.047,-96.831,0,"아침땅_",-1.095,-110.911,0,"ディシジョン",-51.421,-93.641,0,2815.865,42.107,-70.571,2817.499,6,"Kenomo",52.276,-82.668,1,0,,,,,164,2
35,2,1,0,0,0,0,2,1,0,0,5,255,255,21,2845.295,"Slaris",R,34,84,136,-1.501,0.678,0.001,1.869,-0.72,1.893,-36.485,29.67,80,18,2,1,0,55.306,-45.963,16.686,0,0,0,7,3,L,"vovopo 보보포",160,80.084,0.55,0,57,W,Y,0,0,0,0,0,0,0,0,0,0,0,0,0,0,0,0,0.007,-37.34,0,"-라후이-",-0.199,-17.647,0,"Floră",-17.825,-43.791,0,"낑깡__",-4.871,-63.396,0,"Ainy4／あいにゃ",17.535,-44.164,0,"ぐだもん",11.176,-56.385,0,"Kenomo",40.869,-89.802,0,"아침땅_",-0.315,-110.398,0,"ディシジョン",-44.894,-91.462,0,0,0,0,0,0,"",0,0,0,0,2846.599,,,,0,0
36,2,1,0,0,1,0,2,1,0,0,5,255,255,22,2862.827,"Slaris",R,28,91,140,-0.858,0.478,0.04,1.828,-0.466,1.761,-36.485,28.054,65,31,5,0,0,67.886,-74.698,20.617,0,0,0,7,3,L,"vovopo 보보포",160,80.084,0.55,0,57,W,Y,0,0,0,0,0,0,0,0,0,0,0,0,0,0,0,0,-2.336,-37.666,0,"-라후이-",0.236,-19.509,0,"Floră",-18.967,-44.193,0,"낑깡__",-1.997,-61.868,0,"Ainy4／あいにゃ",17.503,-44.131,0,"ぐだもん",7.654,-56.955,0,"Kenomo",45.034,-94.178,0,"아침땅_",-0.143,-110.162,0,"ディシジョン",-44.562,-93.006,0,0,0,0,0,0,"",0,0,0,0,2864.065,2866.138,,,0,0
37,2,1,0,0,1,1,2,0,1,0,255,5,255,23,2890.549,"Slaris",R,34,88,140,-0.85,0.582,0.042,1.846,-0.479,1.822,-36.485,28.523,71,24,5,2,0,80.779,-68.385,21.466,0,0,1,7,3,L,"vovopo 보보포",160,80.084,0.55,3,57,W,Y,2891.58,255,141,97,38,18,145,92,-58.304,-49.094,-0.13,0,0.389,-435.974,-117.995,192.164,-0.787,-36.716,0,"-라후이-",-0.258,-17.736,0,"Floră",-15.663,-43.546,0,"낑깡__",-5.747,-66.887,0,"Ainy4／あいにゃ",17.396,-44.064,83,"ぐだもん",12.237,-55.127,0,"Kenomo",42.614,-93.841,0,"아침땅_",-0.984,-109.682,0,"ディシジョン",-43.221,-93.864,0,2891.565,0.526,-19.924,2893.682,4,"Ainy4／あいにゃ",20.95,-37.521,0,0,,2897.526,,,6,2
38,2,1,0,0,1,2,2,0,1,0,255,5,255,24,2919.551,"Slaris",R,27,96,140,-1.567,-0.378,-0.118,1.658,-0.692,1.25,-36.485,9.274,51,44,5,2,0,9.313,-137.678,24.722,0,0,1,7,3,L,"vovopo 보보포",160,80.084,0.55,3,57,W,Y,2920.496,255,255,104,71,24,145,101,6.825,-8.638,0.87,0,0.4,-114.979,-364.497,-362.579,-0.01,-36.989,0,"-라후이-",-0.379,-17.77,0,"Floră",-15.732,-43.529,0,"낑깡__",-7.832,-67.443,0,"Ainy4／あいにゃ",18.143,-45.441,0,"ぐだもん",12.021,-55.971,83,"Kenomo",40.336,-95.969,0,"아침땅_",-0.763,-104.785,0,"ディシジョン",-45.635,-92.129,0,2921.916,6.773,-58.086,2922.132,5,"ぐだもん",5.672,-53.029,0,0,,,2925.222,,80,1
39,2,0,0,0,0,0,0,0,0,0,255,255,255,13,2973.016,"kneesohime",R,26,91,140,0.438,-0.096,0.222,1.596,0.102,1.422,-36.49,12.851,55,45,0,0,0,70.485,-150.407,16.455,0,0,0,4,2,R,"Floră",190,85,0.404,0,90,W,Y,0,0,0,0,0,0,0,0,0,0,0,0,0,0,0,0,0.103,-37.95,0,"あくせる",0.028,-17.387,0,"にゃんこ65K",-21.35,-50.028,0,"vovopo 보보포",-14.287,-60.12,0,"Parottey",20.399,-50.007,0,"CoalCat",10.118,-62.073,0,"Espressο",39.641,-113.699,0,"「yune」",-4.048,-113.938,0,"Metalu",-39.221,-85.893,0,0,0,0,0,0,"",0,0,0,0,2974.416,,,,0,0
40,2,0,0,0,0,1,0,0,0,0,255,255,255,14,2988.508,"kneesohime",R,26,84,121,2.051,0.393,0.473,1.679,0.847,1.679,-36.49,23.95,66,34,0,2,0,19.76,-176.939,-13.211,0,0,1,4,2,R,"Floră",190,85,0.404,3,90,W,Y,2989.674,198,105,169,126,86,145,99,20.275,27.588,-0.4,0,0.529,28.832,-160.116,37.634,0.006,-37.404,0,"あくせる",0.464,-17.778,0,"にゃんこ65K",-21.544,-50.241,0,"vovopo 보보포",-13.665,-60.416,87,"Parottey",20.323,-50.036,0,"CoalCat",10.201,-61.994,0,"Espressο",39.623,-113.694,0,"「yune」",-3.594,-114.023,0,"Metalu",-39.25,-85.828,85,2993.365,-32.746,-87.771,2993.749,8,"Metalu",-31.203,-84.305,0,0,,,,,400,1
41,2,0,0,0,0,0,1,0,0,0,255,255,255,15,3015.412,"kneesohime",R,27,84,137,0.498,-0.744,0.239,1.488,0.182,1.04,-36.49,21.136,42,58,0,0,0,23.634,-132.745,10.726,0,0,0,5,6,R,"Kenomo",180,80,0.449,0,57,W,Y,0,0,0,0,0,0,0,0,0,0,0,0,0,0,0,0,0.227,-37.59,0,"あくせる",-0.056,-17.451,0,"にゃんこ65K",-21.469,-49.329,0,"vovopo 보보포",-14.652,-63.91,0,"Parottey",19.96,-48.866,0,"CoalCat",9.852,-62.264,0,"Espressο",39.175,-110.828,0,"「yune」",-7.176,-115.635,0,"Metalu",-40.392,-87.589,0,0,0,0,0,0,"",0,0,0,0,3016.549,,,,0,0
42,2,0,0,0,0,1,1,0,0,0,255,255,255,16,3029.824,"kneesohime",R,27,79,129,3.039,0.515,0.451,1.706,1.17,1.783,-36.49,30.698,40,60,0,1,0,94.885,-126.86,2.728,0,0,0,5,6,R,"Kenomo",180,80,0.449,0,57,W,Y,0,0,0,0,0,0,0,0,0,0,0,0,0,0,0,0,0.311,-37.617,0,"あくせる",0.215,-17.405,0,"にゃんこ65K",-21.517,-49.377,0,"vovopo 보보포",-14.236,-63.735,0,"Parottey",20.234,-49.189,0,"CoalCat",10.472,-62.622,0,"Espressο",39.175,-110.815,0,"「yune」",-6.304,-115.761,0,"Metalu",-40.418,-87.584,0,0,0,0,0,0,"",0,0,0,0,3030.932,,,,0,0
43,2,0,0,0,1,1,1,0,0,0,255,255,255,17,3043.594,"kneesohime",R,3,67,110,2.607,0.904,0.566,1.827,1.844,2.149,-36.49,58.436,94,6,0,1,0,-398.705,0,-8.462,0,0,0,5,6,R,"Kenomo",180,80,0.449,0,57,W,Y,0,0,0,0,0,0,0,0,0,0,0,0,0,0,0,0,0.073,-37.776,0,"あくせる",0.541,-17.867,0,"にゃんこ65K",-22.075,-50.778,0,"vovopo 보보포",-14.217,-63.714,0,"Parottey",20.222,-49.13,0,"CoalCat",10.397,-62.656,0,"Espressο",39.164,-110.819,0,"「yune」",-6.091,-115.827,0,"Metalu",-40.387,-87.57,0,0,0,0,0,0,"",0,0,0,0,3044.832,,,,0,0
44,2,0,0,0,2,1,1,0,0,0,255,255,255,18,3061.82,"kneesohime",R,27,82,133,1.646,0.844,0.329,1.768,0.601,1.995,-36.49,28.92,89,11,0,2,0,63.801,-124.656,5.062,0,0,1,5,6,R,"Kenomo",180,80,0.449,3,57,W,Y,3062.812,130,23,63,26,0,129,78,27.462,-39.621,-0.83,0,0.203,-574.809,-32.469,168.94,-0.089,-37.192,0,"あくせる",0.204,-17.45,0,"にゃんこ65K",-21.845,-50.457,0,"vovopo 보보포",-14.199,-63.817,85,"Parottey",20.219,-49.157,0,"CoalCat",10.536,-62.535,0,"Espressο",39.175,-110.81,130,"「yune」",-6.439,-115.64,0,"Metalu",-39.728,-85.441,0,3065.832,32.441,-59.286,3069.932,6,"Espressο",47.232,-85.651,1,0,,3072.822,,,146,2
45,2,0,0,0,0,0,1,0,1,0,255,16,255,19,3094.725,"kneesohime",R,28,82,133,-1.371,0.393,0.067,1.69,-0.617,1.733,-36.49,13.556,47,53,0,0,0,14.489,-94.673,18.605,0,0,1,6,5,L,"ぐだもん",174.9,80,0.528,0,27,W,Y,0,0,0,0,0,0,0,0,0,0,0,0,0,0,0,0,0.17,-37.801,0,"あくせる",-0.032,-17.93,0,"にゃんこ65K",-19.537,-47.419,0,"vovopo 보보포",-7.724,-60.749,0,"Parottey",19.719,-43.539,0,"CoalCat",11.481,-59.299,0,"Espressο",48.979,-94.583,0,"「yune」",3.973,-110.941,0,"Metalu",-36.439,-87.083,0,0,0,0,0,0,"",0,0,0,0,3095.899,3097.611,,,0,0
46,2,0,0,0,0,1,1,0,1,0,255,16,255,20,3116.156,"kneesohime",R,28,94,140,-2.446,-0.461,-0.038,1.553,-1.109,1.251,-36.49,6.335,51,49,0,2,0,32.833,-90.607,17.675,0,0,0,6,5,L,"ぐだもん",174.9,80,0.528,3,27,W,Y,3117.113,238,29,95,32,21,144,117,-30,-24.7,0.8,0,0.151,-481.071,-262.788,8.952,-0.158,-37.222,0,"あくせる",-0.342,-17.698,0,"にゃんこ65K",-19.434,-48.022,85,"vovopo 보보포",-9.646,-60.172,0,"Parottey",19.54,-42.519,0,"CoalCat",12.883,-60.114,105,"Espressο",48.893,-94.474,0,"「yune」",3.813,-110.766,0,"Metalu",-34.986,-87.247,0,3117.115,0.024,-20.382,3118.899,5,"CoalCat",11.592,-53.854,0,0,,3121.399,,,88,2
47,2,0,0,0,0,0,2,0,1,0,255,16,255,21,3141.862,"kneesohime",R,13,75,102,-1.46,-0.88,0.18,1.628,-0.063,1.56,-36.49,22.728,60,40,0,0,0,-337.167,343.201,-19.504,0,0,1,7,3,R,"낑깡__",175.3,80,0.402,0,57,W,Y,0,0,0,0,0,0,0,0,0,0,0,0,0,0,0,0,0.097,-37.821,0,"あくせる",-0.287,-17.304,0,"にゃんこ65K",-20.692,-47.97,0,"vovopo 보보포",-13.396,-61.963,0,"Parottey",19.244,-46.244,0,"CoalCat",8.995,-61.45,0,"Espressο",37.01,-97.026,0,"「yune」",-6.469,-109.797,0,"Metalu",-38.691,-85.145,0,0,0,0,0,0,"",0,0,0,0,3142.999,3144.233,,,0,0
48,2,0,0,0,0,1,2,0,1,0,255,16,255,22,3159.919,"kneesohime",R,0,62,116,4.206,1.433,0.596,1.943,1.666,2.414,-36.49,57.591,80,20,0,3,0,41.035,-47.692,0.773,-0.127,-21.589,0,7,3,R,"낑깡__",175.3,80,0.402,0,57,W,Y,0,0,0,0,0,0,0,0,0,0,0,0,0,0,0,0,0.079,-37.736,0,"あくせる",0.481,-18.178,0,"にゃんこ65K",-21.144,-48.577,0,"vovopo 보보포",-13.372,-61.988,0,"Parottey",19.109,-46.806,0,"CoalCat",9.263,-61.681,0,"Espressο",36.986,-97.058,0,"「yune」",-4.848,-109.082,0,"Metalu",-38.711,-85.113,0,0,0,0,0,0,"",0,0,0,0,3163.332,3162.575,,,0,6
49,2,0,0,0,0,0,2,1,1,0,13,16,255,23,3223.772,"kneesohime",R,3,71,99,0.765,0.484,0.579,1.817,1.007,1.926,-36.49,40.622,93,7,0,0,0,-413.446,33.671,-25.55,0,0,0,8,7,R,"아침땅_",165.1,94.757,0.5,0,57,W,Y,0,0,0,0,0,0,0,0,0,0,0,0,0,0,0,0,0.1,-37.715,0,"あくせる",-0.045,-17.455,0,"にゃんこ65K",-19.916,-42.786,0,"vovopo 보보포",-13.328,-61.988,0,"Parottey",19.689,-47.518,0,"CoalCat",9.232,-62.441,0,"Espressο",39.728,-91.479,0,"「yune」",-3.153,-108.126,0,"Metalu",-38.849,-83.699,0,0,0,0,0,0,"",0,0,0,0,3225.015,3226.542,,,0,0
50,2,0,0,0,0,1,2,1,1,0,13,16,255,24,3240.107,"kneesohime",R,32,76,127,1.89,0.225,0.321,1.649,0.564,1.583,-36.49,16.387,60,40,0,1,0,165.199,-120.887,-14.875,0,0,0,8,7,R,"아침땅_",165.1,94.757,0.5,0,57,W,Y,0,0,0,0,0,0,0,0,0,0,0,0,0,0,0,0,0.093,-37.776,0,"あくせる",0.461,-17.737,0,"にゃんこ65K",-20.09,-44.295,0,"vovopo 보보포",-13.348,-61.922,0,"Parottey",19.739,-47.947,0,"CoalCat",9.187,-62.436,0,"Espressο",37.022,-93.343,0,"「yune」",-3.032,-108.207,0,"Metalu",-38.858,-83.718,0,0,0,0,0,0,"",0,0,0,0,3241.249,3242.984,,,0,0
51,2,0,0,0,1,1,2,1,1,0,13,16,255,25,3257.024,"kneesohime",R,14,75,102,-0.665,-1.32,-0.117,1.603,-0.984,1.494,-36.49,6.069,61,39,0,1,0,331.464,349.602,31.815,0.019,-18.052,0,8,7,R,"아침땅_",165.1,94.757,0.5,0,57,W,Y,0,0,0,0,0,0,0,0,0,0,0,0,0,0,0,0,0.253,-37.644,0,"あくせる",-0.114,-17.508,0,"にゃんこ65K",-20.092,-43.486,0,"vovopo 보보포",-13.412,-61.953,0,"Parottey",19.305,-46.639,0,"CoalCat",9.68,-62.414,0,"Espressο",37.01,-93.35,0,"「yune」",-3.148,-108.14,0,"Metalu",-38.805,-83.744,0,0,0,0,0,0,"",0,0,0,0,3258.349,3259.743,,,0,0
52,2,0,0,0,2,1,2,1,1,0,13,16,255,26,3275.578,"kneesohime",R,27,83,135,0.909,1.04,0.263,1.768,0.295,2.026,-36.49,21.983,86,14,0,2,0,66.305,-131.83,10.096,0,0,1,8,7,R,"아침땅_",165.1,94.757,0.5,3,57,W,Y,3276.571,141,73,98,48,21,141,80,50.441,34.431,-0.77,0.095,0.386,312.169,378.476,-72.966,-0.216,-37.28,0,"あくせる",0.042,-17.703,0,"にゃんこ65K",-20.59,-47.235,0,"vovopo 보보포",-13.352,-61.932,0,"Parottey",19.98,-47.402,0,"CoalCat",10.165,-62.854,0,"Espressο",37.038,-93.162,0,"「yune」",-3.203,-107.993,0,"Metalu",-39.838,-87.099,0,3281.599,-35.807,-62.303,3281.815,3,"vovopo 보보포",-34.608,-61.057,0,0,,3280.959,3280.742,,212,1
53,3,1,0,0,0,0,0,0,0,0,255,255,255,25,3445.027,"Slaris",R,34,82,133,-0.572,0.766,0.158,1.948,-0.351,1.959,-36.485,37.761,73,16,11,0,0,78.712,-74.238,18.558,0,0,0,8,8,L,"Metalu",175,82.749,0.433,0,57,W,Y,0,0,0,0,0,0,0,0,0,0,0,0,0,0,0,0,0.108,-37.241,0,"-라후이-",-0.225,-17.982,0,"Floră",-18.372,-44.696,0,"낑깡__",-12.513,-68.677,0,"Ainy4／あいにゃ",18.003,-45.404,0,"ぐだもん",13.703,-59.167,0,"Kenomo",42.628,-97.95,0,"아침땅_",-0.321,-111.89,0,"ディシジョン",-45.378,-96.065,0,0,0,0,0,0,"",0,0,0,0,3446.399,,,,0,0
54,3,1,0,0,0,1,0,0,0,0,255,255,255,26,3461.103,"Slaris",R,27,91,140,-1.736,0.143,0.02,1.823,-0.46,1.372,-36.485,27.697,72,21,7,2,0,45.038,-116.17,20.788,0,0,1,8,8,L,"Metalu",175,82.749,0.433,3,57,W,Y,3462.123,96,50,70,40,31,129,126,-30,-37.149,0.57,0,0.098,-259.884,-522.446,-139.678,0.046,-36.965,0,"-라후이-",-0.204,-17.926,0,"Floră",-19.028,-45.254,85,"낑깡__",-12.916,-68.249,0,"Ainy4／あいにゃ",17.916,-45.45,118,"ぐだもん",13.431,-58.981,0,"Kenomo",42.583,-97.883,0,"아침땅_",-0.241,-111.799,0,"ディシジョン",-45.377,-96.038,0,3462.115,0.851,-20.992,3463.349,4,"Ainy4／あいにゃ",16.371,-41.301,0,0,,,,,22,2
55,3,1,0,0,0,0,1,0,0,0,255,255,255,27,3489.917,"Slaris",R,33,89,140,2.056,-0.142,0.357,1.781,0.738,1.413,-36.485,36.846,73,22,5,1,0,109.838,-105.439,17.564,0,0,0,0,7,R,"「yune」",174.8,80,0.28,0,57,W,Y,0,0,0,0,0,0,0,0,0,0,0,0,0,0,0,0,0.345,-37.03,0,"-라후이-",0.144,-17.655,0,"Floră",-18.473,-44.397,0,"낑깡__",-10.756,-68.941,0,"Ainy4／あいにゃ",18.615,-45.898,0,"ぐだもん",12.833,-63.266,0,"Kenomo",40.058,-95.439,0,"아침땅_",-1.245,-112.923,0,"ディシジョン",-48.26,-92.742,0,0,0,0,0,0,"",0,0,0,0,3491.182,,,,0,0
56,3,1,0,0,1,0,1,0,0,0,255,255,255,28,3504.145,"Slaris",R,28,91,140,1.239,-0.714,0.145,1.627,0.434,1.095,-36.485,15.386,73,25,1,0,0,75.829,-96.219,18.12,0,0,0,0,7,R,"「yune」",174.8,80,0.28,0,57,W,Y,0,0,0,0,0,0,0,0,0,0,0,0,0,0,0,0,-0.162,-37.538,0,"-라후이-",0.195,-17.67,0,"Floră",-18.747,-44.686,0,"낑깡__",-11.074,-68.657,0,"Ainy4／あいにゃ",18.452,-45.891,0,"ぐだもん",13.54,-62.833,0,"Kenomo",40.069,-94.995,0,"아침땅_",-0.999,-113.216,0,"ディシジョン",-48.26,-92.74,0,0,0,0,0,0,"",0,0,0,0,3505.399,,,,0,0
57,3,1,0,0,1,1,1,0,0,0,255,255,255,29,3519.545,"Slaris",R,27,91,140,0.91,-0.277,0.11,1.659,0.304,1.331,-36.485,16.503,72,23,5,2,0,66.945,-115.295,11.066,0,0,0,0,7,R,"「yune」",174.8,80,0.28,3,57,W,Y,3520.657,255,19,58,41,19,136,104,-30,31.329,0.91,0,0.193,-223.42,66.926,14.844,0.09,-36.975,0,"-라후이-",0.176,-17.641,0,"Floră",-18.617,-44.822,0,"낑깡__",-14.382,-68.36,0,"Ainy4／あいにゃ",17.722,-46.251,0,"ぐだもん",13.468,-62.717,0,"Kenomo",40.316,-95.432,0,"아침땅_",-1.033,-113.202,0,"ディシジョン",-48.253,-92.737,0,3520.549,-0.516,-19.926,3522.115,2,"Floră",-14.387,-42.666,0,0,,,,,20,2
58,3,1,0,0,0,0,2,0,0,0,255,255,255,30,3547.751,"Slaris",R,27,87,140,1.683,-0.417,0.316,1.737,0.665,1.213,-36.485,32.303,71,29,0,2,0,57.965,-131.68,13.808,0,0,1,1,6,R,"Espressο",190,85.071,0.2,3,57,W,Y,3548.643,145,188,134,114,50,145,91,-73.279,-70.435,-0.8,0,0.261,-369.524,-170.584,64.556,0.185,-36.444,0,"-라후이-",0.268,-17.769,0,"Floră",-18.146,-44.332,0,"낑깡__",-11.733,-67.267,0,"Ainy4／あいにゃ",18.088,-45.378,0,"ぐだもん",14.823,-61.445,0,"Kenomo",47.345,-104.245,0,"아침땅_",-0.96,-114.469,0,"ディシジョン",-51.781,-98.461,0,3548.532,0.952,-20.015,0,0,"",0,0,0,0,,,,,4,3
59,3,1,0,0,0,1,2,0,0,0,255,255,255,31,3566.163,"Slaris",R,34,79,129,2.747,0.677,0.563,1.87,1.064,2.007,-36.485,57.871,50,41,9,2,0,78.001,-19.212,11.134,0,0,1,1,6,R,"Espressο",190,85.071,0.2,3,57,W,Y,3567.201,205,183,77,83,48,145,91,7.278,-13.541,-0.8,0.095,0.385,-249.934,-299.271,-37.731,0.096,-37.073,0,"-라후이-",0.241,-17.731,0,"Floră",-18.084,-44.028,0,"낑깡__",-13.116,-67.246,0,"Ainy4／あいにゃ",18.082,-45.189,0,"ぐだもん",14.125,-61.942,107,"Kenomo",48.135,-103.897,0,"아침땅_",-0.582,-116.194,0,"ディシジョン",-51.804,-98.439,0,3568.565,9.37,-52.286,3569.132,5,"ぐだもん",10.144,-54.844,0,0,,,,,80,2
60,3,0,0,0,0,0,0,0,0,0,255,255,255,27,3623.847,"kneesohime",R,0,60,114,4.52,1.178,0.603,1.888,2.07,2.411,-36.49,69.045,81,19,0,4,0,-47.688,0,-1.298,1.455,-21.554,1,0,1,R,"-라후이-",190,87.311,0.496,0,88,W,Y,0,0,0,0,0,0,0,0,0,0,0,0,0,0,0,0,-0.033,-37.379,0,"あくせる",0.152,-17.641,0,"にゃんこ65K",-21.818,-50.049,0,"vovopo 보보포",-12.218,-61.211,0,"Parottey",20.259,-49.825,0,"CoalCat",10.845,-62.919,0,"Espressο",41.672,-103.355,0,"「yune」",-0.434,-113.452,0,"Metalu",-39.976,-85.175,0,0,0,0,0,0,"",0,0,0,0,3627.332,,,,0,0
61,3,0,0,0,0,0,0,1,0,0,11,255,255,28,3656.683,"kneesohime",R,14,64,94,0.527,-0.712,0.035,1.693,-0.51,1.708,-36.49,18.951,62,38,0,2,0,326.335,322.748,22.149,0,0,1,1,4,L,"Ainy4／あいにゃ",188.5,85,0.512,3,63,W,Y,3657.854,255,138,119,69,72,145,129,-30,-31.332,0.69,0,0.768,366.196,335.756,180.302,-0.091,-37.54,0,"あくせる",0.329,-17.947,0,"にゃんこ65K",-19.781,-40.598,87,"vovopo 보보포",-8.657,-58.991,0,"Parottey",21.747,-47.285,106,"CoalCat",9.818,-60.013,0,"Espressο",52.231,-98.546,0,"「yune」",4.932,-110.235,0,"Metalu",-37.825,-85.072,0,3657.799,0.857,-22.016,3659.132,4,"Parottey",16.599,-48.001,0,0,,3659.423,,,56,2
62,3,0,0,0,0,0,1,0,1,0,255,11,255,29,3683.426,"kneesohime",R,26,67,107,1.875,0.387,0.436,1.73,0.757,1.643,-36.49,33.153,54,46,0,1,0,24.466,-200,5.469,0,0,0,2,0,R,"Slaris",190,85.704,0.452,0,57,W,Y,0,0,0,0,0,0,0,0,0,0,0,0,0,0,0,0,0.039,-37.834,0,"あくせる",0.1,-17.447,0,"にゃんこ65K",-20.828,-47.676,0,"vovopo 보보포",-12.569,-60.85,0,"Parottey",19.193,-43.645,0,"CoalCat",6.827,-60.898,0,"Espressο",37.132,-109.175,0,"「yune」",0.149,-117.557,0,"Metalu",-41.044,-90.155,0,0,0,0,0,0,"",0,0,0,0,3684.515,3686.058,,,0,0
63,3,0,0,0,1,0,1,0,1,0,255,11,255,30,3706.62,"kneesohime",R,3,73,100,-0.742,0.109,0.475,1.715,0.642,1.763,-36.49,32.809,85,15,0,2,0,-452.953,41.824,-29.784,0,0,0,2,0,R,"Slaris",190,85.704,0.452,3,57,W,Y,3707.539,204,90,140,94,51,145,111,27.275,-40.127,0.88,0,0.306,-44.531,571.084,114.423,0.203,-37.241,0,"あくせる",-0.103,-17.505,0,"にゃんこ65K",-20.961,-47.99,0,"vovopo 보보포",-13.687,-59.961,0,"Parottey",19.924,-48.4,0,"CoalCat",7.995,-61.105,0,"Espressο",40.749,-106.675,0,"「yune」",0.251,-117.623,0,"Metalu",-41.618,-90.076,0,0,0,0,3712.349,6,"Espressο",50.682,-101.155,0,0,,3714.834,,,146,1
64,3,0,0,0,0,0,2,0,1,0,255,11,255,31,3735.287,"kneesohime",R,28,78,128,2.298,0.187,0.399,1.719,0.906,1.617,-36.49,27.614,52,48,0,2,0,55.437,-94.113,10.88,0,0,1,3,8,R,"ディシジョン",180.2,92.496,0.622,3,57,W,Y,3736.339,155,82,151,19,0,145,86,15.589,-1.459,-0.87,0.143,0.303,490.756,-225.075,-141.564,-0.089,-37.387,120,"あくせる",0.141,-17.678,119,"にゃんこ65K",-22.587,-49.826,0,"vovopo 보보포",-13.748,-60.434,0,"Parottey",19.263,-48.322,0,"CoalCat",9.214,-61.323,0,"Espressο",41.737,-109.542,0,"「yune」",0.499,-110.937,94,"Metalu",-37.318,-85.557,0,3739.882,4.614,-84.381,3740.899,7,"「yune」",5.315,-91.566,1,0,3745.832,,3740.664,3745.234,21,2
65,3,0,0,1,0,0,2,1,0,0,18,255,255,32,3807.971,"kneesohime",R,28,64,104,3.026,1.026,0.638,1.979,1.241,2.196,-36.49,54.694,85,15,0,2,0,29.318,-57.715,0.138,0,0,1,4,2,R,"Floră",190,85,0.404,3,90,W,Y,3809.12,220,108,158,115,73,145,105,47.804,-19.561,-0.09,0,0.632,488.124,189.867,223.538,-0.002,-37.338,0,"あくせる",0.321,-17.67,0,"にゃんこ65K",-20.071,-45.982,0,"vovopo 보보포",-14.074,-59.755,0,"Parottey",20.289,-49.162,0,"CoalCat",9.058,-63.085,0,"Espressο",43.164,-109.205,107,"「yune」",-0.196,-114.427,0,"Metalu",-42.692,-84.363,0,3815.432,23.244,-96.665,3815.632,6,"Espressο",22.865,-95.216,0,0,,3813.708,,,6,1
66,4,1,0,1,0,0,0,0,0,0,255,255,255,32,3867.384,"Slaris",R,34,85,138,1.947,-0.223,0.326,1.793,0.719,1.676,-36.485,38.065,69,29,3,2,0,77.306,-40.236,11.888,0,0,1,2,1,R,"あくせる",190,89.801,0.5,3,74,W,Y,3868.453,255,107,182,116,56,145,93,92.565,47.437,-0.71,0,0.239,350.507,-75.946,104.155,-0.201,-36.917,0,"-라후이-",0.253,-17.757,120,"Floră",-17.972,-44.236,0,"낑깡__",-13.837,-67.724,0,"Ainy4／あいにゃ",20.323,-48.81,0,"ぐだもん",12.956,-61.457,0,"Kenomo",41.073,-94.014,0,"아침땅_",-0.484,-113.772,0,"ディシジョン",-53.397,-100.768,0,3875.065,4.162,-9.928,3875.182,1,"-라후이-",4.076,-10.04,0,0,3875.182,,,,5,1
67,4,1,0,1,0,0,1,0,0,0,255,255,255,33,3898.783,"Slaris",R,33,90,140,2.167,0.012,0.346,1.766,0.787,1.562,-36.485,41.333,73,23,4,1,0,109.806,-57.562,17.673,0,0,0,3,2,R,"にゃんこ65K",190,91.072,0.596,0,57,W,Y,0,0,0,0,0,0,0,0,0,0,0,0,0,0,0,0,0.266,-37.016,0,"-라후이-",0.153,-17.787,0,"Floră",-18.666,-44.657,0,"낑깡__",-14.153,-68.484,0,"Ainy4／あいにゃ",18.95,-46.891,0,"ぐだもん",13.359,-62.123,0,"Kenomo",47.223,-103.813,0,"아침땅_",-0.844,-114.53,0,"ディシジョン",-54.358,-101.159,0,0,0,0,0,0,"",0,0,0,0,3900.015,,,,0,0
68,4,1,0,1,1,0,1,0,0,0,255,255,255,34,3914.081,"Slaris",R,33,85,138,2.108,0.396,0.372,1.822,0.737,1.817,-36.485,42.107,64,31,5,2,0,125.094,-39.915,17.617,0,0,0,3,2,R,"にゃんこ65K",190,91.072,0.596,3,57,W,Y,3915.125,150,87,107,50,51,145,108,22.629,25.475,0.03,0,0.355,25.428,575.93,166.306,0.317,-36.418,0,"-라후이-",0.263,-17.759,0,"Floră",-18.333,-44.381,0,"낑깡__",-13.999,-67.608,0,"Ainy4／あいにゃ",18.847,-46.874,0,"ぐだもん",15.095,-62.42,85,"Kenomo",47.072,-103.901,0,"아침땅_",-0.761,-115.391,0,"ディシジョン",-54.205,-101.325,91,3919.365,-49.537,-95.764,3919.482,8,"ディシジョン",-47.336,-93.156,0,0,,,,,76,1
69,4,1,0,1,0,0,2,0,0,0,255,255,255,35,3945.33,"Slaris",R,3,63,105,-3.707,-0.145,0.118,1.737,-0.693,1.531,-36.485,41.257,58,42,0,4,0,-477.273,0,2.571,0,0,1,4,0,R,"kneesohime",190,84.513,0.501,0,57,W,Y,0,0,0,0,0,0,0,0,0,0,0,0,0,0,0,0,-0.018,-37.774,0,"-라후이-",-0.13,-17.525,0,"Floră",-18.586,-44.713,0,"낑깡__",-13.941,-67.557,0,"Ainy4／あいにゃ",18.832,-46.895,0,"ぐだもん",12.605,-62.966,0,"Kenomo",39.802,-104.36,0,"아침땅_",-0.749,-113.608,0,"ディシジョン",-55.001,-99.077,0,0,0,0,0,0,"",0,0,0,0,3946.699,,,,0,0
70,4,1,0,1,0,1,2,0,0,0,255,255,255,36,3961.167,"Slaris",R,34,86,139,1.152,-0.476,0.278,1.781,0.361,1.243,-36.485,41.376,67,27,6,2,0,97.907,-67.488,19.911,0,0,1,4,0,R,"kneesohime",190,84.513,0.501,3,57,W,Y,3962.246,255,74,133,78,26,145,130,-30,39.486,0.62,0,0.245,87.852,221.807,44.027,0.087,-36.229,0,"-라후이-",0.247,-17.572,0,"Floră",-18.666,-44.89,74,"낑깡__",-14.079,-67.89,0,"Ainy4／あいにゃ",18.804,-46.91,0,"ぐだもん",12.237,-62.493,0,"Kenomo",42.105,-98.148,0,"아침땅_",-0.559,-114.075,0,"ディシジョン",-57.419,-98.23,0,3962.149,-0.758,-20.474,3963.399,2,"Floră",-17.854,-41.152,0,0,,,,,16,2
71,4,0,0,1,0,0,0,0,0,0,255,255,255,33,4010.552,"kneesohime",R,27,79,116,-1.434,-0.865,0.018,1.357,-0.565,0.944,-36.49,18.982,46,54,0,2,0,-35.649,-143.952,17.46,0,0,1,5,6,R,"Kenomo",180,80,0.449,3,57,W,Y,4011.654,127,72,66,74,25,137,128,24.97,13.523,0.63,0,0.195,437.515,312.874,-15.514,0.004,-37.619,0,"あくせる",-0.336,-17.466,0,"にゃんこ65K",-21.778,-49.532,0,"vovopo 보보포",-16.488,-62.431,0,"Parottey",21.246,-51.445,0,"CoalCat",11.071,-63.625,0,"Espressο",40.966,-105.517,0,"「yune」",-0.942,-113.918,0,"Metalu",-45.704,-90.275,0,4017.015,-36.435,-132.785,0,0,"",0,0,0,0,,4022.012,4027.075,,16,4
72,4,0,0,2,0,0,0,0,0,0,255,255,255,34,4051.845,"kneesohime",R,27,81,131,-1.882,-0.249,0.043,1.575,-0.731,1.326,-36.49,10.934,55,45,0,2,0,-62.042,-130.897,20.092,0,0,1,6,5,L,"ぐだもん",174.9,80,0.528,3,27,W,Y,4052.966,255,107,134,57,66,145,106,30.906,-32.487,0.89,0,0.44,409.133,-123.925,67.433,0.21,-37.522,0,"あくせる",-0.198,-17.439,0,"にゃんこ65K",-20.596,-50.015,0,"vovopo 보보포",-10.209,-60.917,0,"Parottey",22.118,-47.764,85,"CoalCat",12.657,-61.153,0,"Espressο",43.928,-103.319,102,"「yune」",1.494,-108.97,0,"Metalu",-36.666,-89.075,0,4057.932,52.076,-96.103,4058.115,6,"Espressο",50.25,-93.529,0,0,,,,,50,1
73,4,0,0,2,0,0,1,0,0,0,255,255,255,35,4079.174,"kneesohime",R,0,90,140,1.731,0.581,0.422,1.815,0.711,1.904,-36.49,37.088,84,16,0,1,0,22.07,-31.165,1.95,0,0,0,7,3,R,"낑깡__",175.3,80,0.402,0,57,W,Y,0,0,0,0,0,0,0,0,0,0,0,0,0,0,0,0,0.008,-37.422,0,"あくせる",0.123,-17.433,0,"にゃんこ65K",-21.614,-49.51,0,"vovopo 보보포",-14.575,-63.043,0,"Parottey",20.476,-50.176,0,"CoalCat",11.535,-63.237,0,"Espressο",36.274,-109.258,0,"「yune」",-9.433,-115.269,0,"Metalu",-40.501,-88.524,0,0,0,0,0,0,"",0,0,0,0,4080.082,,,,0,0
74,4,0,0,2,0,1,1,0,0,0,255,255,255,36,4100.17,"kneesohime",R,27,83,135,1.227,0.161,0.316,1.72,0.417,1.576,-36.49,24.307,54,46,0,0,0,77.016,-119.412,9.957,0,0,1,7,3,R,"낑깡__",175.3,80,0.402,0,57,W,Y,0,0,0,0,0,0,0,0,0,0,0,0,0,0,0,0,0.244,-37.496,0,"あくせる",0.077,-17.389,0,"にゃんこ65K",-20.986,-49.543,0,"vovopo 보보포",-13.94,-62.623,0,"Parottey",20.517,-50.28,0,"CoalCat",11.449,-63.285,0,"Espressο",38.256,-107.869,0,"「yune」",-3.833,-116.271,0,"Metalu",-41.691,-91.076,0,0,0,0,0,0,"",0,0,0,0,4101.083,,,,0,0
75,4,0,0,2,0,2,1,0,0,0,255,255,255,37,4117.268,"kneesohime",R,13,63,93,-1.704,-1.43,0.186,1.568,-0.042,1.42,-36.49,16.424,49,51,0,2,0,-303.957,347.485,-24.233,0,0,1,7,3,R,"낑깡__",175.3,80,0.402,3,57,W,Y,4118.288,162,183,131,152,65,145,109,-15.333,48.554,0.91,0,0.177,157.449,265.538,188.588,-0.017,-37.327,0,"あくせる",-0.709,-17.62,0,"にゃんこ65K",-22.127,-49.021,0,"vovopo 보보포",-14.052,-62.415,0,"Parottey",20.686,-49.793,0,"CoalCat",10.961,-62.533,0,"Espressο",38.244,-107.924,0,"「yune」",-4.107,-116.137,0,"Metalu",-39.931,-89.152,0,4118.199,-1.982,-21.875,0,0,"",0,0,0,0,,,,,16,3
76,4,0,0,2,0,2,1,0,0,0,255,255,255,38,4134.267,"kneesohime",R,10,72,102,-2.036,-1.707,-0.085,1.509,-0.883,1.281,-36.49,9.096,54,46,0,1,0,0,400,-35.307,-0.407,-18.751,0,7,3,R,"낑깡__",175.3,80,0.402,0,57,W,Y,0,0,0,0,0,0,0,0,0,0,0,0,0,0,0,0,0.039,-37.746,0,"あくせる",-0.492,-17.333,0,"にゃんこ65K",-21.393,-45.357,0,"vovopo 보보포",-13.836,-60.769,0,"Parottey",20.423,-49.414,0,"CoalCat",9.619,-63.034,0,"Espressο",40.4,-104.711,0,"「yune」",-5.053,-115.679,0,"Metalu",-42.397,-87.066,0,0,0,0,0,0,"",0,0,0,0,4135.516,,,,0,0
77,4,0,0,2,1,2,1,0,0,0,255,255,255,39,4152.007,"kneesohime",R,28,87,140,-0.687,-0.405,0.129,1.57,-0.331,1.312,-36.49,3.786,43,57,0,2,0,20.552,-60.531,15.745,0,0,1,7,3,R,"낑깡__",175.3,80,0.402,3,57,W,Y,4152.869,210,126,132,84,26,145,113,-7.068,42.619,0.89,0,0.329,-146.481,348.252,-21.053,-0.085,-37.184,0,"あくせる",-0.101,-17.49,0,"にゃんこ65K",-21.452,-48.45,89,"vovopo 보보포",-13.982,-60.483,0,"Parottey",20.463,-49.725,0,"CoalCat",10.76,-63.317,0,"Espressο",39.579,-105.297,0,"「yune」",-3.775,-115.857,0,"Metalu",-39.795,-87.488,0,4152.949,-4.347,-23.499,4154.216,2,"にゃんこ65K",-21.141,-42.804,0,0,,,,,24,2
78,4,0,0,2,0,0,2,0,0,0,255,255,255,40,4196.697,"kneesohime",R,5,78,114,1.755,0.206,0.576,1.712,0.985,1.752,-36.49,42.366,54,46,0,2,0,-64.43,0,-7.542,0,0,1,8,7,R,"아침땅_",165.1,94.757,0.5,3,57,W,Y,4197.707,161,124,156,86,30,145,124,1.267,12.782,0.55,0.143,0.388,-308.517,307.838,381.476,-0.049,-36.98,0,"あくせる",0.126,-17.444,0,"にゃんこ65K",-22.048,-49.755,0,"vovopo 보보포",-13.257,-61.097,95,"Parottey",20.358,-50.482,0,"CoalCat",9.931,-63.592,0,"Espressο",40.511,-103.998,0,"「yune」",-2.788,-109.285,0,"Metalu",-40.199,-84.623,0,4198.232,-4.946,-42.272,4199.299,3,"vovopo 보보포",-9.307,-57.416,0,0,,,,,140,2
79,5,1,0,2,0,0,0,0,0,0,255,255,255,37,4247.22,"Slaris",R,3,60,103,-4.071,0.113,0.136,1.761,-0.845,1.697,-36.485,51.982,65,35,0,1,0,-468.182,0,2.653,0,0,0,5,4,R,"Parottey",190,84,0.442,0,57,W,Y,0,0,0,0,0,0,0,0,0,0,0,0,0,0,0,0,0.065,-36.88,0,"-라후이-",-0.343,-17.452,0,"Floră",-18.342,-44.25,0,"낑깡__",-14.047,-67.894,0,"Ainy4／あいにゃ",19.307,-47.511,0,"ぐだもん",11.689,-63.668,0,"Kenomo",42.97,-99.139,0,"아침땅_",-0.883,-114.441,0,"ディシジョン",-53.904,-101.283,0,0,0,0,0,0,"",0,0,0,0,4248.599,,,,0,0
80,5,1,0,2,1,0,0,0,0,0,255,255,255,38,4260.18,"Slaris",R,33,83,135,0.421,-0.006,0.351,1.805,-0.033,1.574,-36.485,54.091,67,27,6,2,0,146.395,-25.752,18.038,0,0,1,5,4,R,"Parottey",190,84,0.442,3,57,W,Y,4261.315,255,144,53,37,0,135,130,111.501,-35.492,0.58,0,0.391,54.536,289.543,-94.851,0.127,-36.354,0,"-라후이-",-0.177,-17.502,0,"Floră",-18.583,-44.631,0,"낑깡__",-14.609,-67.062,0,"Ainy4／あいにゃ",19.446,-47.594,0,"ぐだもん",11.475,-63.375,0,"Kenomo",43.578,-103.089,0,"아침땅_",-0.76,-114.776,0,"ディシジョン",-54.148,-101.491,0,0,0,0,0,0,"",0,0,0,0,,,,,4,3
81,5,1,0,2,1,1,0,0,0,0,255,255,255,39,4412.474,"Slaris",R,33,86,139,-1.741,-0.324,-0.012,1.764,-0.918,1.363,-36.485,27.059,66,28,6,1,0,118.996,-39.731,21.718,0,0,0,5,4,R,"Parottey",190,84,0.442,0,54,W,Y,0,0,0,0,0,0,0,0,0,0,0,0,0,0,0,0,-0.155,-37.623,0,"-라후이-",-0.341,-17.472,0,"Floră",-18.368,-44.449,0,"낑깡__",-14.661,-68.099,0,"Ainy4／あいにゃ",19.644,-48.117,0,"ぐだもん",11.466,-65.058,0,"Kenomo",42.146,-99.607,0,"아침땅_",-0.849,-114.805,0,"ディシジョン",-54.654,-100.936,0,0,0,0,0,0,"",0,0,0,0,4413.716,,,,0,0
82,5,1,0,2,2,1,0,0,0,0,255,255,255,40,4437.05,"Slaris",R,27,83,134,1.62,-0.485,0.256,1.675,0.588,1.172,-36.485,31.336,75,20,5,1,0,77.697,-140.506,9.4,0,0,0,5,4,R,"Parottey",190,84,0.442,0,54,W,Y,0,0,0,0,0,0,0,0,0,0,0,0,0,0,0,0,-0.039,-37.437,0,"-라후이-",0.174,-17.962,0,"Floră",-18.725,-44.676,0,"낑깡__",-13.273,-68.134,0,"Ainy4／あいにゃ",19.597,-48.095,0,"ぐだもん",10.367,-64.179,0,"Kenomo",40.492,-98.756,0,"아침땅_",-1.018,-114.327,0,"ディシジョン",-54.576,-102.364,0,0,0,0,0,0,"",0,0,0,0,4438.366,,,,0,0
83,5,1,0,2,3,1,0,0,0,0,255,255,255,41,4453.177,"Slaris",R,3,68,108,-2.172,0.162,0.212,1.762,-0.037,1.72,-36.485,41.825,70,30,0,2,0,-490.909,0,-5.73,0,0,1,5,4,R,"Parottey",190,84,0.442,3,54,W,Y,4454.382,255,112,134,73,35,145,102,106.187,-76.542,0.93,0,0.439,104.013,218.921,-14.67,-0.084,-36.518,0,"-라후이-",-0.152,-18.015,0,"Floră",-18.812,-44.994,0,"낑깡__",-14.097,-68.237,0,"Ainy4／あいにゃ",19.622,-48.013,0,"ぐだもん",11.125,-64.624,0,"Kenomo",38.915,-105.355,0,"아침땅_",-1.12,-115.124,0,"ディシジョン",-54.583,-102.366,0,0,0,0,0,0,"",0,0,0,0,,,,,4,3
84,5,1,0,2,3,2,0,0,0,0,255,255,255,42,4471.202,"Slaris",R,27,97,140,1.457,-0.837,0.119,1.559,0.489,0.956,-36.485,16.22,83,14,3,0,0,108.352,-147.232,22.725,0,0,0,5,4,R,"Parottey",190,84,0.442,0,54,W,Y,0,0,0,0,0,0,0,0,0,0,0,0,0,0,0,0,0.076,-36.836,0,"-라후이-",0.037,-18.107,0,"Floră",-19.643,-43.416,0,"낑깡__",-13.896,-68.731,0,"Ainy4／あいにゃ",19.23,-47.796,0,"ぐだもん",11.08,-65.53,0,"Kenomo",42.889,-100.044,0,"아침땅_",-0.795,-114.766,0,"ディシジョン",-54.528,-101.888,0,0,0,0,0,0,"",0,0,0,0,4472.416,,,,0,0
85,5,1,0,2,0,0,1,0,0,0,255,255,255,43,4496.532,"Slaris",R,34,87,140,-1.713,-0.408,0.24,1.804,0.19,0.955,-36.485,38.655,69,25,6,2,0,95.855,-55.13,13.326,0,0,1,6,5,R,"CoalCat",175.1,82.838,0.435,3,57,W,Y,4497.598,255,98,63,92,0,139,82,19.462,27.629,-0.78,0,0.495,248.411,263.731,187.534,-0.052,-36.489,120,"-라후이-",0.183,-17.878,0,"Floră",-18.096,-44.241,79,"낑깡__",-13.922,-67.773,0,"Ainy4／あいにゃ",19.406,-47.792,0,"ぐだもん",10.851,-60.473,68,"Kenomo",40.495,-95.923,0,"아침땅_",-1.25,-108.773,0,"ディシジョン",-49.017,-93.667,95,4500.749,-28.885,-69.098,4502.349,8,"ディシジョン",-36.785,-81.153,1,0,,,,,92,2
86,5,1,0,2,0,0,1,1,0,0,5,255,255,44,4586.54,"Slaris",R,34,81,132,1.616,0.2,0.365,1.787,0.551,1.647,-36.485,43.522,68,28,4,4,0,98.568,-38.886,12.11,0,0,1,7,3,L,"vovopo 보보포",160,80.084,0.55,0,57,W,Y,0,0,0,0,0,0,0,0,0,0,0,0,0,0,0,0,-1.077,-37.278,0,"-라후이-",0.43,-20.264,0,"Floră",-18.041,-44.527,0,"낑깡__",-2.963,-60.277,0,"Ainy4／あいにゃ",17.78,-45.022,0,"ぐだもん",6.784,-57.441,0,"Kenomo",36.226,-90.356,0,"아침땅_",-0.775,-104.296,0,"ディシジョン",-41.151,-86.914,0,0,0,0,0,0,"",0,0,0,0,4587.799,,,,0,0
87,5,1,0,2,0,1,1,1,0,0,5,255,255,45,4608.348,"Slaris",R,34,82,133,-0.946,1.265,0.139,1.919,-0.556,2.197,-36.485,43.8,71,24,5,2,0,97.532,-50.418,18.529,0,0,1,7,3,L,"vovopo 보보포",160,80.084,0.55,3,57,W,Y,4609.373,180,102,30,41,20,104,94,24.647,-28.759,0.62,0,0.209,263.209,-24.252,53.665,-0.364,-37.392,0,"-라후이-",-0.25,-17.761,0,"Floră",-17.546,-43.85,85,"낑깡__",-7.579,-61.032,0,"Ainy4／あいにゃ",17.776,-45.005,0,"ぐだもん",9.409,-56.556,0,"Kenomo",37.268,-88.443,94,"아침땅_",-0.197,-104.398,0,"ディシジョン",-41.857,-85.561,0,0,0,0,4614.149,6,"Kenomo",38.086,-87.296,0,0,,,,,180,1
88,5,1,0,2,0,0,2,1,0,0,5,255,255,46,4663.986,"Slaris",R,34,78,129,-0.808,0.445,0.238,1.946,-0.45,1.82,-36.485,54.139,77,19,4,2,0,60.698,-23.372,11.843,0,0,1,8,8,L,"Metalu",175,82.749,0.433,3,57,W,Y,4665.004,170,131,96,116,48,145,89,110.233,24.796,-0.6,0,0.167,172.866,-10.426,-65.126,-0.257,-37.381,0,"-라후이-",-0.321,-17.704,0,"Floră",-15.852,-44.017,0,"낑깡__",-11.946,-67.777,0,"Ainy4／あいにゃ",17.843,-45.074,0,"ぐだもん",12.2,-58.339,0,"Kenomo",43.423,-96.255,0,"아침땅_",-0.847,-107.902,0,"ディシジョン",-43.458,-94.087,0,4671.116,16.232,15.368,0,0,"",0,0,0,64,,4691.622,,,148,3
89,5,0,0,2,0,0,0,0,0,0,255,255,255,41,4746.051,"kneesohime",R,28,84,136,2.068,0.547,0.395,1.802,0.827,1.896,-36.49,36.814,78,22,0,2,0,44.263,-59.119,2.363,0,0,0,0,1,R,"-라후이-",190,87.311,0.496,3,57,W,Y,4746.852,184,145,119,66,34,145,93,101.166,49.617,-0.68,0,0.274,252.434,61.256,-49.301,0.182,-37.266,0,"あくせる",0.259,-17.297,0,"にゃんこ65K",-21.917,-50.384,0,"vovopo 보보포",-13.108,-60.97,0,"Parottey",20.948,-50.941,0,"CoalCat",10.59,-63.031,0,"Espressο",41.009,-107.21,0,"「yune」",-0.625,-114.171,0,"Metalu",-42.174,-85.943,0,0,0,0,0,0,"",0,0,0,0,,,,,16,3
90,5,0,0,2,0,1,0,0,0,0,255,255,255,42,4763.27,"kneesohime",R,0,74,112,0.637,0.325,0.326,1.786,0.267,1.816,-36.49,47.951,91,9,0,2,0,0,0,-4.496,0,0,1,0,1,R,"-라후이-",190,87.311,0.496,3,91,W,Y,4764.172,255,164,63,77,40,139,104,-30,43.628,0.03,0,0.231,528.521,-258.113,30.516,-0.054,-37.249,0,"あくせる",-0.501,-17.699,0,"にゃんこ65K",-21.283,-49.449,0,"vovopo 보보포",-13.101,-61.002,0,"Parottey",21.224,-51.489,0,"CoalCat",10.355,-63.571,0,"Espressο",41.125,-110.118,0,"「yune」",-2.45,-114.867,0,"Metalu",-40.239,-83.448,0,4764.116,-1.518,-20.997,0,0,"",0,0,0,0,,,,,16,3
91,5,0,0,2,0,2,0,0,0,0,255,255,255,43,4779.509,"kneesohime",R,0,83,120,-0.652,-0.149,0.107,1.603,-0.287,1.514,-36.49,23.112,54,46,0,0,0,0,0,-3.755,0,0,0,0,1,R,"-라후이-",190,87.311,0.496,0,91,W,Y,0,0,0,0,0,0,0,0,0,0,0,0,0,0,0,0,-0.029,-37.45,0,"あくせる",-0.331,-17.422,0,"にゃんこ65K",-22.412,-47.779,0,"vovopo 보보포",-13.336,-60.974,0,"Parottey",22.076,-50.412,0,"CoalCat",10.255,-63.425,0,"Espressο",41.823,-108.504,0,"「yune」",-2.461,-117.071,0,"Metalu",-39.36,-83.542,0,0,0,0,0,0,"",0,0,0,0,4780.482,,,,0,0
92,5,0,0,2,0,0,1,0,0,0,255,255,255,44,4801.371,"kneesohime",R,27,86,139,-2.133,-0.34,-0.002,1.556,-0.942,1.288,-36.49,13.384,51,49,0,2,0,10.399,-128.722,16.138,0,0,1,1,4,L,"Ainy4／あいにゃ",188.5,85,0.512,3,57,W,Y,4802.336,255,73,78,89,3,145,93,49.202,-26.248,-0.66,0,0.444,324.251,-406.81,-121.514,-0.082,-37.216,0,"あくせる",-0.217,-17.614,0,"にゃんこ65K",-21.772,-51.5,0,"vovopo 보보포",-10.712,-60.791,0,"Parottey",21.232,-47.665,0,"CoalCat",12.687,-61.083,0,"Espressο",52.059,-99.484,105,"「yune」",2.547,-117.478,0,"Metalu",-36.414,-86.547,0,4807.899,36.651,-76.195,4808.699,6,"Espressο",38.588,-78.728,1,0,,,,,18,2
93,5,0,0,2,0,0,1,1,0,0,14,255,255,45,4835.741,"kneesohime",R,0,89,140,-0.252,0.168,0.182,1.682,-0.083,1.7,-36.49,19.921,57,43,0,0,0,-24.149,-15.66,7.305,0,0,0,2,0,R,"Slaris",190,85.704,0.452,0,57,W,Y,0,0,0,0,0,0,0,0,0,0,0,0,0,0,0,0,-0.098,-37.576,0,"あくせる",0.077,-17.774,0,"にゃんこ65K",-20.275,-42.764,0,"vovopo 보보포",-12.725,-59.51,0,"Parottey",20.275,-49.279,0,"CoalCat",8.881,-60.752,0,"Espressο",37.189,-103.352,0,"「yune」",-1.038,-110.827,0,"Metalu",-38.924,-84.02,0,0,0,0,0,0,"",0,0,0,0,4836.666,,,,0,0
94,5,0,0,2,0,1,1,1,0,0,14,255,255,46,4870.912,"kneesohime",R,26,81,132,0.358,0.709,0.224,1.738,0.11,1.882,-36.49,21.863,26,74,0,2,0,27.612,-188.086,22.735,0,0,1,2,0,R,"Slaris",190,85.704,0.452,3,57,W,Y,4871.724,123,48,87,66,29,137,115,2.028,36.922,0.08,0,0.179,24.632,584.593,131.233,-0.34,-37.434,0,"あくせる",0.093,-17.659,0,"にゃんこ65K",-18.755,-44.79,0,"vovopo 보보포",-13.769,-59.118,0,"Parottey",20.308,-50.551,0,"CoalCat",8.909,-60.774,0,"Espressο",37.117,-103.336,0,"「yune」",0.321,-110.88,0,"Metalu",-38.968,-83.961,0,4872.582,-17.992,-41.92,4872.832,2,"にゃんこ65K",-16.81,-40.55,0,0,,,,,12,1
95,6,1,0,2,0,0,0,0,0,0,255,255,255,47,4925.62,"Slaris",R,34,76,127,-0.944,0.786,0.165,1.863,-0.521,2.013,-36.485,45.932,69,20,11,2,0,69.08,-32.498,13.955,0,0,1,8,8,L,"Metalu",175,82.749,0.433,3,57,W,Y,4926.629,155,70,93,103,49,145,122,12.767,-18.409,0.24,0,0.142,118.302,-585.684,54.576,0.128,-36.97,0,"-라후이-",-0.233,-17.745,0,"Floră",-17.67,-45.275,0,"낑깡__",-12.269,-68.463,0,"Ainy4／あいにゃ",17.934,-45.674,0,"ぐだもん",11.305,-56.497,85,"Kenomo",41.861,-93.715,85,"아침땅_",-0.662,-108.606,0,"ディシジョン",-42.163,-89.569,0,0,0,0,4930.166,6,"Kenomo",35.127,-99.252,0,0,,,,,100,1
96,6,1,0,2,0,0,1,0,0,0,255,255,255,48,4955.167,"Slaris",R,34,87,140,2.656,-0.203,0.388,1.841,-0.04,1.272,-36.485,51.567,69,27,4,2,0,92.809,-28.548,13.11,0,0,1,0,7,R,"「yune」",174.8,80,0.28,3,57,W,Y,4956.246,255,42,56,44,21,136,93,-9.408,37.643,-0.11,0,0.232,-5.815,93.722,-5.42,0.044,-36.771,0,"-라후이-",0.251,-17.539,0,"Floră",-18.501,-44.54,89,"낑깡__",-13.451,-67.616,0,"Ainy4／あいにゃ",18.489,-46.223,0,"ぐだもん",10.927,-60.934,0,"Kenomo",40.166,-96.262,0,"아침땅_",-0.876,-110.834,0,"ディシジョン",-44.13,-89.403,0,4956.332,-2.936,-23.436,4957.699,2,"Floră",-16.589,-41.122,0,0,,,,,20,2
97,6,1,0,2,0,0,2,0,0,0,255,255,255,49,4982.437,"Slaris",R,26,98,140,0.714,-1.145,0.053,1.527,0.363,0.717,-36.485,10.461,35,63,2,1,0,-40.96,-200,24.215,0,0,0,1,6,R,"Espressο",190,85.071,0.2,0,57,W,Y,0,0,0,0,0,0,0,0,0,0,0,0,0,0,0,0,0.129,-37.164,0,"-라후이-",0.232,-17.519,0,"Floră",-18.31,-44.113,0,"낑깡__",-13.861,-67.657,0,"Ainy4／あいにゃ",18.9,-47.009,0,"ぐだもん",12.437,-60.21,0,"Kenomo",45.488,-103.955,0,"아침땅_",-0.759,-111.929,0,"ディシジョン",-54.335,-100.47,0,0,0,0,0,0,"",0,0,0,0,4983.549,,,,0,0
98,6,1,0,2,1,0,2,0,0,0,255,255,255,50,4996.656,"Slaris",R,32,84,136,1.943,0.553,0.352,1.843,0.607,1.891,-36.485,45.239,70,24,7,2,0,165.08,-66.814,19.591,0,0,1,1,6,R,"Espressο",190,85.071,0.2,3,57,W,Y,4997.591,249,151,108,77,40,145,94,48.653,-0.34,-0.65,0,0.143,274.077,312.629,184.708,-0.183,-36.602,0,"-라후이-",0.227,-17.496,0,"Floră",-18.096,-43.978,0,"낑깡__",-13.546,-67.277,93,"Ainy4／あいにゃ",18.663,-47.065,0,"ぐだもん",12.554,-59.231,0,"Kenomo",46.644,-105.043,0,"아침땅_",-0.803,-112.203,0,"ディシジョン",-54.343,-100.501,0,5003.282,-5.644,-85.231,5003.399,3,"낑깡__",-5.385,-83.4,0,0,,,,,144,1
99,6,0,0,2,0,0,0,0,0,0,255,255,255,47,5067.699,"kneesohime",R,26,72,124,2.184,0.288,0.415,1.732,1.018,1.605,-36.49,37.887,48,52,0,2,0,-51.54,-161.113,27.457,0,0,1,3,8,R,"ディシジョン",180.2,92.496,0.622,3,57,W,Y,5068.795,123,110,124,147,21,138,109,28.366,-10.029,0.12,0.143,0.372,-300.5,-456.937,30.127,0.036,-37.533,0,"あくせる",0.305,-17.627,0,"にゃんこ65K",-21.388,-50.208,0,"vovopo 보보포",-13.903,-60.472,82,"Parottey",19.426,-50.499,0,"CoalCat",9.335,-62.985,0,"Espressο",45.92,-110.323,0,"「yune」",-4.47,-109.861,89,"Metalu",-43.164,-87.865,0,5073.166,24.435,-104.575,5077.899,7,"「yune」",31.809,-126.214,1,0,,5081.525,,,145,2
100,6,0,0,2,0,0,0,0,1,0,255,18,255,48,5107.85,"kneesohime",R,27,82,133,1.285,-0.324,0.314,1.558,0.528,1.3,-36.49,18.572,38,62,0,0,0,15.532,-117.173,15.409,0,0,0,4,2,R,"Floră",190,85,0.404,0,57,W,Y,0,0,0,0,0,0,0,0,0,0,0,0,0,0,0,0,0.189,-37.899,0,"あくせる",0.08,-17.792,0,"にゃんこ65K",-20.101,-45.423,0,"vovopo 보보포",-13.005,-60.212,0,"Parottey",19.856,-48.178,0,"CoalCat",7.988,-60.895,0,"Espressο",37.239,-109.757,0,"「yune」",0.247,-110.671,0,"Metalu",-36.262,-84.039,0,0,0,0,0,0,"",0,0,0,0,5109.016,5110.211,,,0,0
101,6,0,0,2,0,1,0,0,1,0,255,18,255,49,5127.038,"kneesohime",R,3,66,96,0.381,0.503,0.564,1.83,1.045,1.946,-36.49,43.658,89,11,0,0,0,-393.712,0,-27.528,0,0,1,4,2,R,"Floră",190,85,0.404,0,57,W,Y,0,0,0,0,0,0,0,0,0,0,0,0,0,0,0,0,0.033,-37.874,0,"あくせる",0.019,-17.596,0,"にゃんこ65K",-20.037,-46.927,0,"vovopo 보보포",-12.999,-60.227,0,"Parottey",21.144,-48.229,0,"CoalCat",7.653,-60.768,0,"Espressο",40.785,-106.94,0,"「yune」",0.253,-110.677,0,"Metalu",-36.791,-83.598,0,0,0,0,0,0,"",0,0,0,0,5128.349,5129.812,,,0,0
102,6,0,0,2,0,2,0,0,1,0,255,18,255,50,5145.291,"kneesohime",R,13,77,103,-3.434,-1.104,-0.064,1.559,-0.819,1.42,-36.49,7.211,54,46,0,4,0,-338.427,345.501,-12.392,0,0,1,4,2,R,"Floră",190,85,0.404,0,57,W,Y,0,0,0,0,0,0,0,0,0,0,0,0,0,0,0,0,0.05,-37.844,0,"あくせる",-0.292,-17.395,0,"にゃんこ65K",-20.207,-44.372,0,"vovopo 보보포",-13.225,-60.001,0,"Parottey",19.684,-47.497,0,"CoalCat",7.299,-60.659,0,"Espressο",42.153,-105.482,0,"「yune」",1.399,-111.621,0,"Metalu",-36.828,-83.545,0,0,0,0,0,0,"",0,0,0,0,5146.799,5147.575,,,0,0
103,6,0,0,2,0,0,1,0,1,0,255,18,255,51,5167.321,"kneesohime",R,27,85,137,-27.22,14.595,0.313,1.676,0.527,1.68,-36.49,16.62,49,51,0,2,0,46.914,-120.699,12.633,0,0,1,5,6,R,"Kenomo",180,80,0.449,3,57,W,Y,5168.381,230,15,82,29,2,138,87,34.166,16.771,-0.6,0,0.246,449.492,335.584,-111.181,0.158,-37.574,0,"あくせる",0.194,-17.487,0,"にゃんこ65K",-20.056,-46.783,0,"vovopo 보보포",-13.212,-59.992,0,"Parottey",20.699,-49.581,0,"CoalCat",7.825,-61.758,82,"Espressο",42.067,-105.559,0,"「yune」",-11.48,-110.262,0,"Metalu",-41.266,-86.542,113,5173.366,-24.905,-85.675,5173.649,8,"Metalu",-23.599,-82.812,0,0,,5172.984,,,336,1
104,6,0,0,2,0,0,2,0,1,0,255,18,255,52,5200.129,"kneesohime",R,26,88,140,-1.396,0.191,0.055,1.632,-0.672,1.526,-36.49,15.021,57,43,0,0,0,48.554,-200,32.153,0,0,0,6,5,L,"ぐだもん",174.9,80,0.528,0,57,W,Y,0,0,0,0,0,0,0,0,0,0,0,0,0,0,0,0,0.21,-37.592,0,"あくせる",-0.001,-17.337,0,"にゃんこ65K",-20.297,-48.824,0,"vovopo 보보포",-8.99,-60.575,0,"Parottey",20.585,-46.778,0,"CoalCat",12.179,-62.246,0,"Espressο",40.358,-101.475,0,"「yune」",2.455,-110.688,0,"Metalu",-37.711,-86.381,0,0,0,0,0,0,"",0,0,0,0,5201.282,5202.492,,,0,0
105,6,0,0,2,0,1,2,0,1,0,255,18,255,53,5217.469,"kneesohime",R,26,88,140,-0.953,1.107,0.124,1.862,-0.511,2.089,-36.49,28.625,83,17,0,2,0,68.458,-158.696,11.139,0,0,1,6,5,L,"ぐだもん",174.9,80,0.528,3,57,W,Y,5218.523,161,80,60,66,53,137,121,90.89,89.003,0.29,0,0.255,-81.141,-527.956,92.35,0.289,-37.464,0,"あくせる",-0.152,-17.724,0,"にゃんこ65K",-20.7,-49.56,0,"vovopo 보보포",-10.636,-59.817,0,"Parottey",20.689,-46.566,0,"CoalCat",12.235,-62.321,0,"Espressο",48.376,-92.602,0,"「yune」",1.127,-110.599,0,"Metalu",-38.366,-86.796,0,0,0,0,0,0,"",0,0,0,0,,5222.057,,,16,3
106,6,0,0,2,0,2,2,0,1,0,255,18,255,54,5238.736,"kneesohime",R,14,74,112,3.207,-0.823,0.351,1.644,0.704,1.569,-36.49,24.349,49,51,0,2,0,383.538,320.779,13.63,0,0,1,6,5,L,"ぐだもん",174.9,80,0.528,3,27,W,Y,5239.847,255,82,91,120,49,145,110,-28.814,-22.612,0.9,0,0.286,96.284,-80.724,-19.034,0.14,-37.048,0,"あくせる",0.698,-17.766,0,"にゃんこ65K",-20.79,-50.077,0,"vovopo 보보포",-9.376,-60.304,0,"Parottey",21.148,-46.507,0,"CoalCat",12.647,-61.817,107,"Espressο",47.505,-95.029,0,"「yune」",2.166,-112.528,0,"Metalu",-39.017,-89.114,0,5239.832,1.077,-20.601,5242.065,5,"CoalCat",14.001,-54.786,0,0,,,5243.949,,76,2
107,7,1,0,2,0,0,0,0,0,0,255,255,255,51,5292.533,"Slaris",R,13,58,101,-2.274,-0.428,0.177,1.791,-0.265,1.803,-36.485,42.047,61,39,0,1,0,-358.49,312.348,-2.875,0,0,0,2,1,R,"あくせる",190,89.801,0.5,0,73,W,Y,0,0,0,0,0,0,0,0,0,0,0,0,0,0,0,0,0.111,-37.005,0,"-라후이-",-0.374,-17.672,0,"Floră",-18.506,-44.565,0,"낑깡__",-13.974,-68.094,0,"Ainy4／あいにゃ",18.978,-46.858,0,"ぐだもん",11.824,-62.504,0,"Kenomo",43.757,-105.401,0,"아침땅_",-0.635,-113.805,0,"ディシジョン",-54.048,-102.91,0,0,0,0,0,0,"",0,0,0,0,5293.932,,,,0,0
108,7,1,0,2,1,0,0,0,0,0,255,255,255,52,5307.508,"Slaris",R,28,88,140,1.775,-0.313,0.215,1.687,0.676,1.338,-36.485,31.073,71,25,4,2,0,67.533,-81.654,12.723,0,0,1,2,1,R,"あくせる",190,89.801,0.5,3,73,W,Y,5308.539,255,124,130,143,69,145,91,56.988,50.53,-0.76,0,0.308,285.526,32.839,59.543,-0.018,-36.53,0,"-라후이-",0.22,-17.808,0,"Floră",-18.469,-44.612,0,"낑깡__",-13.726,-67.094,0,"Ainy4／あいにゃ",18.945,-46.784,0,"ぐだもん",10.785,-61.223,0,"Kenomo",42.352,-102.804,0,"아침땅_",-0.824,-112.485,0,"ディシジョン",-53.4,-103.363,0,5313.866,-52.635,-60.121,0,0,"",0,0,0,0,,,,,4,3
109,7,1,0,2,1,1,0,0,0,0,255,255,255,53,5330.132,"Slaris",R,33,78,129,1.406,-0.439,0.454,1.801,0.414,1.285,-36.485,57.094,61,32,7,2,0,124.403,-36.277,18.482,0,0,1,2,1,R,"あくせる",190,89.801,0.5,3,73,W,Y,5331.199,255,142,169,151,76,145,104,55.92,56.776,-0.16,0,0.306,301.952,-214.644,97.765,-0.242,-37.352,0,"-라후이-",0.257,-17.781,0,"Floră",-18.604,-44.809,0,"낑깡__",-13.789,-66.847,0,"Ainy4／あいにゃ",18.764,-47.583,0,"ぐだもん",10.662,-61.466,0,"Kenomo",43.206,-104.066,0,"아침땅_",-0.797,-112.147,0,"ディシジョン",-55.046,-101.586,0,0,0,0,0,0,"",0,0,0,0,,,,,4,3
110,7,1,0,2,1,2,0,0,0,0,255,255,255,54,5351.342,"Slaris",R,33,63,117,1.853,0.754,0.503,1.786,0.604,2.071,-36.485,80.234,54,31,15,2,0,111.476,-11.438,17.695,0,0,1,2,1,R,"あくせる",190,89.801,0.5,3,73,W,Y,5352.448,255,45,122,81,46,145,90,46.265,-40.145,-0.81,0,0.341,486.888,-260.6,217.711,-0.23,-36.87,0,"-라후이-",0.047,-17.857,0,"Floră",-18.648,-44.777,0,"낑깡__",-13.763,-67.524,84,"Ainy4／あいにゃ",19.361,-47.572,0,"ぐだもん",10.93,-61.519,0,"Kenomo",41.787,-105.164,108,"아침땅_",-1.333,-111.774,0,"ディシジョン",-54.31,-101.586,0,5357.749,49.476,-70.605,5359.849,6,"Kenomo",59.035,-79.365,1,0,,,,,164,2
111,7,1,0,2,0,0,0,1,0,0,1,255,255,55,5389.493,"Slaris",R,34,83,135,0.165,-0.25,0.36,1.811,-0.052,1.416,-36.485,56.489,74,22,5,0,0,80.201,-28.528,12.681,0,0,0,3,2,R,"にゃんこ65K",190,91.072,0.596,0,57,W,Y,0,0,0,0,0,0,0,0,0,0,0,0,0,0,0,0,-0.259,-37.5,0,"-라후이-",0.205,-17.621,0,"Floră",-19.929,-42.884,0,"낑깡__",-5.881,-61.912,0,"Ainy4／あいにゃ",17.757,-45.978,0,"ぐだもん",10.132,-59.979,0,"Kenomo",45.009,-101.939,0,"아침땅_",-1.102,-112.349,0,"ディシジョン",-54.599,-101.726,0,0,0,0,0,0,"",0,0,0,0,5390.849,,,,0,0
112,7,1,0,2,0,1,0,1,0,0,1,255,255,56,5419.037,"Slaris",R,27,86,139,0.87,-0.514,0.221,1.722,0.272,1.175,-36.485,36.108,62,32,5,2,0,73.94,-121.671,20.48,0,0,1,3,2,R,"にゃんこ65K",190,91.072,0.596,3,57,W,Y,5420.113,206,65,120,91,32,145,106,-13.112,-0.334,-0.07,0,0.374,-309.736,508.64,73.132,-0.568,-36.581,0,"-라후이-",0.262,-17.84,0,"Floră",-18.439,-44.122,88,"낑깡__",-11.159,-61.068,0,"Ainy4／あいにゃ",17.185,-46.203,0,"ぐだもん",7.301,-59.834,93,"Kenomo",44.414,-108.214,0,"아침땅_",-1.217,-113.369,0,"ディシジョン",-54.381,-101.003,0,5420.065,0.022,-22.671,5420.999,0,"Slaris",-0.461,-36.175,0,0,,5425.213,,,84,2
113,7,1,0,2,0,0,2,0,0,0,255,255,255,57,5449.786,"Slaris",R,3,56,101,-4.415,-0.355,0.074,1.663,-0.996,1.51,-36.485,61.69,67,33,0,4,0,-454.308,71.989,3.454,0,0,1,4,0,R,"kneesohime",190,84.513,0.501,0,57,W,Y,0,0,0,0,0,0,0,0,0,0,0,0,0,0,0,0,0.088,-37.802,0,"-라후이-",-0.208,-17.44,0,"Floră",-18.536,-44.73,0,"낑깡__",-14.243,-67.739,0,"Ainy4／あいにゃ",18.565,-46.422,0,"ぐだもん",11.505,-63.3,0,"Kenomo",39.999,-98.329,0,"아침땅_",-0.417,-113.408,0,"ディシジョン",-55.924,-100.823,0,0,0,0,0,0,"",0,0,0,0,5451.182,,,,0,0
114,7,1,0,2,0,1,2,0,0,0,255,255,255,58,5466.658,"Slaris",R,27,90,140,1.505,-0.742,0.21,1.642,0.575,1.021,-36.485,26.251,70,30,0,2,0,55.148,-136.977,15.248,0,0,1,4,0,R,"kneesohime",190,84.513,0.501,3,57,W,Y,5467.721,255,112,132,36,0,145,130,-16.457,14.104,0.53,0,0.317,-354.489,269.547,119.014,-0.291,-36.7,0,"-라후이-",0.183,-17.527,0,"Floră",-18.558,-44.579,0,"낑깡__",-13.872,-67.156,107,"Ainy4／あいにゃ",18.476,-46.4,0,"ぐだもん",10.993,-63.152,0,"Kenomo",41.928,-96.043,0,"아침땅_",-0.806,-112.821,0,"ディシジョン",-55.206,-101.426,0,5467.599,-0.22,-21.463,5469.516,3,"낑깡__",-11.645,-66.305,0,0,,,,,144,2
115,7,0,0,2,0,0,0,0,0,0,255,255,255,55,5520.285,"kneesohime",R,13,83,108,-2.935,-1.402,0.008,1.508,-0.596,1.281,-36.49,10.064,52,48,0,4,0,-365.415,333.887,-12.611,0,0,1,7,3,R,"낑깡__",175.3,80,0.402,0,57,W,Y,0,0,0,0,0,0,0,0,0,0,0,0,0,0,0,0,0.079,-37.675,0,"あくせる",-0.434,-17.475,0,"にゃんこ65K",-21.911,-49.529,0,"vovopo 보보포",-13.114,-61.175,0,"Parottey",20.288,-50.303,0,"CoalCat",9.478,-64.152,0,"Espressο",38.408,-111.876,0,"「yune」",0.749,-112.758,0,"Metalu",-37.579,-83.59,0,0,0,0,0,0,"",0,0,0,0,5521.416,,,,0,0
116,7,0,0,2,0,1,0,0,0,0,255,255,255,56,5535.1,"kneesohime",R,13,79,104,-2.005,-1.474,0.127,1.524,-0.225,1.318,-36.49,20.434,39,61,0,1,0,-326.586,361.497,-24.85,-0.715,-18.264,0,7,3,R,"낑깡__",175.3,80,0.402,0,57,W,Y,0,0,0,0,0,0,0,0,0,0,0,0,0,0,0,0,-0.048,-37.611,0,"あくせる",-0.582,-17.515,0,"にゃんこ65K",-21.652,-50.55,0,"vovopo 보보포",-13.105,-61.192,0,"Parottey",20.611,-51.222,0,"CoalCat",9.445,-64.195,0,"Espressο",38.399,-111.913,0,"「yune」",0.747,-112.755,0,"Metalu",-40.262,-85.583,0,0,0,0,0,0,"",0,0,0,0,5537.832,,,,0,0
117,7,0,0,2,1,1,0,0,0,0,255,255,255,57,5549.078,"kneesohime",R,13,79,105,-2.091,-1.691,0.123,1.456,-0.237,1.158,-36.49,22.637,46,54,0,2,0,-345.733,344.694,-23.072,0,0,1,7,3,R,"낑깡__",175.3,80,0.402,3,57,W,Y,5550.049,219,128,149,138,93,145,113,-30,46.338,0.89,0.095,0.182,-109.678,125.223,-28.132,-0.276,-37.215,0,"あくせる",-0.528,-17.512,0,"にゃんこ65K",-21.371,-49.706,0,"vovopo 보보포",-13.132,-60.942,0,"Parottey",20.449,-50.973,0,"CoalCat",9.368,-64.298,0,"Espressο",38.418,-111.872,0,"「yune」",0.749,-112.768,0,"Metalu",-40.249,-85.595,0,5549.999,-0.984,-20.957,0,0,"",0,0,0,0,,,,,16,0
118,7,0,0,2,1,2,0,0,0,0,255,255,255,58,5565.126,"kneesohime",R,13,72,99,-2.566,-0.784,0.078,1.676,-0.38,1.673,-36.49,22.819,54,46,0,2,0,-351.391,312.348,-20.857,0,0,1,7,3,R,"낑깡__",175.3,80,0.402,3,57,W,Y,5566.159,255,77,95,91,47,145,127,-30,30.502,0.61,0.048,0.235,350.391,164.907,83.681,-0.327,-37.215,0,"あくせる",-0.463,-17.647,0,"にゃんこ65K",-21.442,-48.261,0,"vovopo 보보포",-13.685,-60.377,0,"Parottey",20.259,-49.814,0,"CoalCat",8.73,-62.593,0,"Espressο",38.433,-108.924,0,"「yune」",-1.914,-114.588,0,"Metalu",-38.837,-84.718,0,5566.082,-1.006,-19.825,5567.532,2,"にゃんこ65K",-16.893,-46.78,0,0,,,,,24,2
119,7,0,0,2,0,0,1,0,0,0,255,255,255,59,5596.155,"kneesohime",R,26,89,140,0.702,0.435,0.269,1.663,0.321,1.637,-36.49,18.138,60,40,0,0,0,-18.344,-200,34.907,0,0,0,8,7,R,"아침땅_",165.1,94.757,0.5,0,57,W,Y,0,0,0,0,0,0,0,0,0,0,0,0,0,0,0,0,0.121,-37.292,0,"あくせる",0.077,-17.481,0,"にゃんこ65K",-21.094,-48.734,0,"vovopo 보보포",-13.758,-60.828,0,"Parottey",19.447,-50.444,0,"CoalCat",9.204,-63.621,0,"Espressο",38.133,-108.651,0,"「yune」",-1.673,-107.151,0,"Metalu",-36.099,-83.274,0,0,0,0,0,0,"",0,0,0,0,5597.199,,,,0,0
120,7,0,0,2,0,1,1,0,0,0,255,255,255,60,5614.913,"kneesohime",R,3,67,108,1.007,0.535,0.523,1.797,1.316,2.098,-36.49,46.052,91,9,0,0,0,-473.828,130.748,-25.615,0,0,0,8,7,R,"아침땅_",165.1,94.757,0.5,0,57,W,Y,0,0,0,0,0,0,0,0,0,0,0,0,0,0,0,0,0.127,-37.552,0,"あくせる",0,-17.272,0,"にゃんこ65K",-21.348,-49.378,0,"vovopo 보보포",-13.764,-60.839,0,"Parottey",19.748,-50.669,0,"CoalCat",10.443,-63.587,0,"Espressο",38.105,-108.648,0,"「yune」",-0.45,-107.259,0,"Metalu",-37.204,-84.055,0,0,0,0,0,0,"",0,0,0,0,5616.116,,,,0,0
121,7,0,0,2,0,2,1,0,0,0,255,255,255,61,5633.954,"kneesohime",R,27,93,140,-0.48,1.616,0.138,1.86,-0.288,2.371,-36.49,30.363,91,9,0,2,0,55.508,-105.067,13.412,0,0,1,8,7,R,"아침땅_",165.1,94.757,0.5,3,57,W,Y,5634.929,138,51,71,37,18,136,78,41.303,44.931,-0.79,0,0.252,119.465,404.845,-164.748,0.154,-37.227,0,"あくせる",-0.096,-17.717,0,"にゃんこ65K",-21.264,-49.234,0,"vovopo 보보포",-14.012,-60.383,0,"Parottey",19.479,-50.353,0,"CoalCat",10.509,-63.623,0,"Espressο",38.124,-108.604,0,"「yune」",-0.439,-107.233,0,"Metalu",-37.628,-84.17,0,5639.666,-47.863,-59.462,0,0,"",0,0,0,0,,,,,16,3
122,7,0,0,2,0,2,1,0,0,0,255,255,255,62,5657.847,"kneesohime",R,10,60,93,-0.063,-1.952,0.19,1.545,-0.031,1.349,-36.49,20.023,46,54,0,1,0,-0.603,400,-32.253,-0.027,-19.201,0,8,7,R,"아침땅_",165.1,94.757,0.5,0,36,W,Y,0,0,0,0,0,0,0,0,0,0,0,0,0,0,0,0,0.191,-37.66,0,"あくせる",0.038,-17.418,0,"にゃんこ65K",-20.304,-48.251,0,"vovopo 보보포",-14.064,-60.23,0,"Parottey",19.667,-49.711,0,"CoalCat",9.746,-63.947,0,"Espressο",37.949,-108.663,0,"「yune」",-2.391,-110.229,0,"Metalu",-37.439,-81.589,0,0,0,0,0,0,"",0,0,0,0,5659.166,,,,0,0
123,7,0,0,2,1,2,1,0,0,0,255,255,255,63,5674.535,"kneesohime",R,27,96,140,-0.099,-0.498,0.185,1.55,-0.071,1.214,-36.49,14.746,65,35,0,2,0,16.419,-112.388,8.363,0,0,1,8,7,R,"아침땅_",165.1,94.757,0.5,3,36,W,Y,5675.444,110,88,119,98,33,137,122,27.697,23.775,0.51,0.095,0.326,81.145,197.201,0.574,0.095,-37.05,0,"あくせる",-0.059,-17.704,0,"にゃんこ65K",-20.339,-48.137,0,"vovopo 보보포",-15.032,-59.535,0,"Parottey",19.643,-49.737,0,"CoalCat",9.922,-63.874,85,"Espressο",37.984,-108.73,0,"「yune」",-2.427,-110.228,0,"Metalu",-39.193,-82.645,0,5680.232,-47.678,-115.041,5682.965,1,"あくせる",-46.043,-107.905,1,0,5741.749,5684.94,,,339,2
124,7,0,0,2,0,0,1,0,1,0,255,17,255,0,5877.764,"Espressο",R,26,92,126,-2.659,-0.955,0.078,1.61,-1.156,0.808,-36.608,14.107,50,50,0,1,0,-3.763,-200,-6.466,0,0,0,0,1,L,"-라후이-",190,87.311,0.496,0,93,W,Y,0,0,0,0,0,0,0,0,0,0,0,0,0,0,0,0,0.03,-37.095,0,"kneesohime",-0.106,-17.209,0,"にゃんこ65K",-20.582,-49.815,0,"vovopo 보보포",-6.83,-60.804,0,"Parottey",20.586,-46.74,0,"CoalCat",10.761,-60.484,0,"あくせる",45.157,-100.275,0,"「yune」",0.377,-115.755,0,"Metalu",-33.299,-84.914,0,0,0,0,0,0,"",0,0,0,0,5878.799,5880.261,,,0,0
125,7,0,0,2,1,0,1,0,1,0,255,17,255,1,5893.313,"Espressο",R,27,103,139,-2.005,0.885,0.238,1.78,-0.662,1.608,-36.608,23.763,54,46,0,2,0,91.995,-131.248,-2.942,0,0,1,0,1,L,"-라후이-",190,87.311,0.496,3,93,W,Y,5894.121,249,39,100,64,27,145,95,54.823,41.565,-0.57,0,0.327,-102.524,-275.382,-214.383,-0.015,-37.079,0,"kneesohime",-0.062,-17.426,0,"にゃんこ65K",-20.37,-49.508,0,"vovopo 보보포",-10.058,-60.91,0,"Parottey",20.571,-46.987,0,"CoalCat",11.846,-61.131,80,"あくせる",45.303,-100.109,0,"「yune」",0.387,-113.469,0,"Metalu",-37.381,-88.722,92,5899.632,-40.736,-75.776,5899.982,8,"Metalu",-39.598,-74.056,0,0,,5898.207,,,322,1
126,7,0,0,2,0,0,2,0,1,0,255,17,255,2,5924.463,"Espressο",R,27,96,130,-1.011,0.926,0.337,1.981,-0.353,2.044,-36.608,42.008,91,9,0,2,0,-65.407,-138.754,-11.04,0,0,1,1,4,L,"Ainy4／あいにゃ",188.5,85,0.512,3,57,W,Y,5925.438,237,115,101,80,23,145,129,27.347,29.803,0.35,0,0.599,114.626,-472.252,-317.153,-0.136,-37.076,0,"kneesohime",-0.041,-17.429,0,"にゃんこ65K",-21.016,-49.82,0,"vovopo 보보포",-9.172,-59.006,0,"Parottey",21.238,-47.291,0,"CoalCat",11.8,-62.146,0,"あくせる",45.721,-101.116,0,"「yune」",0.47,-113.834,0,"Metalu",-37.722,-89.217,0,5930.565,-45.91,-129.658,0,0,"",0,0,0,0,,5935.228,5929.278,5934.223,130,4
127,7,0,0,4,0,0,2,0,0,0,255,255,255,3,5966.86,"Espressο",R,27,105,140,-2.19,-0.92,0.422,1.787,0.219,1.622,-36.608,25.757,46,54,0,2,0,58.492,-143.949,-0.741,0,0,1,2,0,R,"Slaris",190,85.704,0.452,3,57,W,Y,5967.681,149,89,120,60,26,145,105,-2.345,13.312,-0.1,0,0.163,-216.636,542.986,-81.308,-0.103,-36.894,0,"kneesohime",0.015,-17.423,0,"にゃんこ65K",-21.261,-49.905,0,"vovopo 보보포",-13.645,-60.708,95,"Parottey",20.522,-50.639,0,"CoalCat",9.366,-62.987,0,"あくせる",32.702,-102.915,0,"「yune」",-2.517,-115.966,0,"Metalu",-37.283,-83.975,0,5968.016,-3,-31.846,5969.499,3,"vovopo 보보포",-8.825,-57.088,0,0,,,,,140,2
128,8,1,0,4,0,0,0,0,0,0,255,255,255,59,6020.191,"Slaris",R,34,93,140,1.001,-0.712,0.231,1.71,0.32,1.094,-36.485,32.642,73,22,4,0,0,81.539,-69.99,13.337,0,0,0,5,4,R,"Parottey",190,84,0.442,0,57,W,Y,0,0,0,0,0,0,0,0,0,0,0,0,0,0,0,0,-0.172,-37.113,0,"-라후이-",0.187,-17.671,0,"Floră",-18.432,-44.55,0,"낑깡__",-13.89,-67.728,0,"Ainy4／あいにゃ",19.076,-47.898,0,"ぐだもん",11.461,-64.111,0,"Kenomo",41.51,-102.775,0,"아침땅_",-1.068,-112.134,0,"ディシジョン",-54.164,-99.578,0,0,0,0,0,0,"",0,0,0,0,6021.432,,,,0,0
129,8,1,0,4,0,1,0,0,0,0,255,255,255,60,6033.578,"Slaris",R,28,79,129,1.299,-0.134,0.256,1.793,0.412,1.422,-36.485,38.325,72,21,6,2,0,99.778,-99.935,24.156,0,0,1,5,4,R,"Parottey",190,84,0.442,3,57,W,Y,6034.746,255,62,56,32,33,134,92,-37.42,48.714,-0.39,0,0.4,-107.661,547.789,-77.448,-0.45,-37.041,0,"-라후이-",0.297,-17.773,0,"Floră",-18.599,-44.764,0,"낑깡__",-14.259,-67.478,0,"Ainy4／あいにゃ",19.123,-47.909,0,"ぐだもん",9.249,-64.719,0,"Kenomo",40.726,-100.99,0,"아침땅_",-1.038,-112.058,0,"ディシジョン",-54.128,-99.524,0,6034.616,-1.26,-20.379,0,0,"",0,0,0,0,,,,,4,3
130,8,1,0,4,0,2,0,0,0,0,255,255,255,61,6054.571,"Slaris",R,33,89,140,1.137,-0.134,0.215,1.741,0.345,1.47,-36.485,37.713,69,31,0,2,0,107.888,-58.186,13.463,0,0,1,5,4,R,"Parottey",190,84,0.442,3,52,W,Y,6055.686,255,79,69,64,15,142,115,-30,44.74,0.89,0,0.469,-204.351,286.675,17.201,-0.065,-37.339,0,"-라후이-",0.247,-17.815,0,"Floră",-18.682,-44.609,0,"낑깡__",-14.284,-67.971,0,"Ainy4／あいにゃ",19.25,-47.958,0,"ぐだもん",11.704,-64.592,0,"Kenomo",41.008,-103.182,0,"아침땅_",-1.407,-113.025,0,"ディシジョン",-53.259,-100.116,0,6055.582,-1.329,-19.895,0,0,"",0,0,0,0,,,,,4,3
131,8,1,0,4,0,2,0,0,0,0,255,255,255,62,6072.331,"Slaris",R,13,72,111,-2.379,-1.453,0.084,1.713,-0.335,1.095,-36.485,40.377,77,23,0,1,0,-390.434,312.348,-0.129,0,0,0,5,4,R,"Parottey",190,84,0.442,0,52,W,Y,0,0,0,0,0,0,0,0,0,0,0,0,0,0,0,0,0.43,-38.439,0,"-라후이-",-0.178,-17.767,0,"Floră",-18.798,-44.656,0,"낑깡__",-14.592,-68.615,0,"Ainy4／あいにゃ",19.013,-47.117,0,"ぐだもん",12.47,-64.088,0,"Kenomo",40.243,-100.872,0,"아침땅_",-1.379,-113.111,0,"ディシジョン",-54.924,-98.429,0,0,0,0,0,0,"",0,0,0,0,6073.682,,,,0,0
132,8,1,0,4,1,2,0,0,0,0,255,255,255,63,6093.291,"Slaris",R,3,63,105,-4.512,-0.584,0.066,1.693,-1.149,1.579,-36.485,63.569,66,34,0,1,0,-420.83,235.869,2.286,0,0,0,5,4,R,"Parottey",190,84,0.442,0,52,W,Y,0,0,0,0,0,0,0,0,0,0,0,0,0,0,0,0,-0.184,-37.487,0,"-라후이-",-0.215,-17.629,0,"Floră",-18.953,-44.867,0,"낑깡__",-14.389,-67.725,0,"Ainy4／あいにゃ",19.086,-47.168,0,"ぐだもん",11.62,-64.27,0,"Kenomo",40.466,-102.902,0,"아침땅_",-0.879,-113.076,0,"ディシジョン",-55.086,-98.941,0,0,0,0,0,0,"",0,0,0,0,6094.699,,,,0,0
133,8,1,0,4,2,2,0,0,0,0,255,255,255,64,6110.84,"Slaris",R,3,55,100,-1.451,-0.382,0.353,1.669,0.296,1.389,-36.485,83.927,66,34,0,0,0,-454.546,0,7.743,0,0,0,5,4,R,"Parottey",190,84,0.442,0,52,W,Y,0,0,0,0,0,0,0,0,0,0,0,0,0,0,0,0,-0.059,-37.721,0,"-라후이-",0.167,-17.644,0,"Floră",-18.831,-44.769,0,"낑깡__",-14.185,-67.945,0,"Ainy4／あいにゃ",19.038,-47.154,0,"ぐだもん",7.599,-64.257,0,"Kenomo",43.104,-101.398,0,"아침땅_",-0.889,-112.412,0,"ディシジョン",-54.581,-99.813,0,0,0,0,0,0,"",0,0,0,0,6112.266,,,,0,0
134,8,1,0,4,0,0,1,0,0,0,255,255,255,65,6132.737,"Slaris",R,33,94,140,0.434,-0.569,0.17,1.732,-0.01,1.181,-36.485,33.686,80,16,4,0,0,145.364,-89.29,15.447,0,0,0,6,5,R,"CoalCat",175.1,82.838,0.435,0,57,W,Y,0,0,0,0,0,0,0,0,0,0,0,0,0,0,0,0,-0.105,-37.575,0,"-라후이-",0.118,-17.796,0,"Floră",-18.637,-44.497,0,"낑깡__",-13.898,-67.425,0,"Ainy4／あいにゃ",19.038,-47.151,0,"ぐだもん",10.139,-62.249,0,"Kenomo",38.481,-98.277,0,"아침땅_",-0.725,-108.575,0,"ディシジョン",-47.434,-91.969,0,0,0,0,0,0,"",0,0,0,0,6133.916,,,,0,0
135,8,1,0,4,0,1,1,0,0,0,255,255,255,66,6148.143,"Slaris",R,13,50,96,-0.532,-0.391,0.252,1.697,0.504,1.922,-36.485,76.807,65,35,0,0,0,-340.743,312.348,3.904,0,0,1,6,5,R,"CoalCat",175.1,82.838,0.435,0,57,W,Y,0,0,0,0,0,0,0,0,0,0,0,0,0,0,0,0,-0.275,-37.656,0,"-라후이-",0.144,-17.684,0,"Floră",-18.665,-44.436,0,"낑깡__",-14.099,-67.917,0,"Ainy4／あいにゃ",19.143,-47.1,0,"ぐだもん",10.828,-63,0,"Kenomo",39.607,-98.232,0,"아침땅_",-1.09,-108.391,0,"ディシジョン",-47.384,-91.871,0,0,0,0,0,0,"",0,0,0,0,6149.599,,,,0,0
136,8,1,0,4,0,2,1,0,0,0,255,255,255,67,6162.865,"Slaris",R,3,49,96,-1.775,-0.12,0.317,1.679,0.091,1.559,-36.485,79.552,58,42,0,2,0,-400.373,0,14.483,0,0,1,6,5,R,"CoalCat",175.1,82.838,0.435,3,57,W,Y,6164.048,255,87,67,100,86,141,80,31.862,66.7,1,0,0.492,10.47,-376.43,-95.207,-0.087,-36.502,0,"-라후이-",-0.14,-17.872,0,"Floră",-18.643,-44.63,0,"낑깡__",-13.875,-67.81,0,"Ainy4／あいにゃ",19.049,-47.148,0,"ぐだもん",10.221,-62.467,0,"Kenomo",39.576,-98.266,0,"아침땅_",-1.195,-108.665,0,"ディシジョン",-47.175,-92.043,0,6166.632,-42.014,-42.838,0,0,"",0,0,0,0,,,,,4,3
137,8,1,0,4,0,2,1,0,0,0,255,255,255,68,6183.187,"Slaris",R,33,81,131,2.011,0.647,0.367,1.835,0.714,1.927,-36.485,51.974,69,25,6,2,0,103.662,-40.716,12.532,0,0,1,6,5,R,"CoalCat",175.1,82.838,0.435,3,57,W,Y,6184.237,246,83,120,84,52,145,85,6.326,-28.052,-0.82,0,0.411,-19.476,-323.602,14.106,-0.051,-36.314,0,"-라후이-",0.205,-17.873,0,"Floră",-18.437,-44.389,85,"낑깡__",-13.912,-67.926,0,"Ainy4／あいにゃ",19.714,-47.723,0,"ぐだもん",10.625,-63.155,0,"Kenomo",40.626,-94.606,0,"아침땅_",-0.512,-108.84,0,"ディシジョン",-48.185,-91.18,0,6185.466,15.012,-45.106,6185.882,4,"Ainy4／あいにゃ",14.929,-44.966,0,64,,,,,22,2
138,8,1,0,4,0,0,2,0,0,0,255,255,255,69,6204.184,"Slaris",R,28,94,140,-0.689,0.151,-0.02,1.746,-0.332,1.585,-36.485,22.938,71,22,7,0,0,24.305,-81.121,13.015,0,0,0,7,3,L,"vovopo 보보포",160,80.084,0.55,0,57,W,Y,0,0,0,0,0,0,0,0,0,0,0,0,0,0,0,0,0.07,-37.216,0,"-라후이-",-0.173,-17.773,0,"Floră",-17.334,-44.907,0,"낑깡__",-10.971,-65.496,0,"Ainy4／あいにゃ",18.848,-46.89,0,"ぐだもん",9.943,-56.651,0,"Kenomo",37.418,-87.353,0,"아침땅_",-0.727,-103.618,0,"ディシジョン",-40.34,-85.476,0,0,0,0,0,0,"",0,0,0,0,6205.432,,,,0,0
139,8,1,0,4,0,1,2,0,0,0,255,255,255,70,6217.596,"Slaris",R,27,90,140,-0.902,0.228,-0.044,1.746,-0.403,1.581,-36.485,26.495,80,18,2,0,0,8.557,-125.043,17.781,0,0,1,7,3,L,"vovopo 보보포",160,80.084,0.55,0,57,W,Y,0,0,0,0,0,0,0,0,0,0,0,0,0,0,0,0,0.076,-36.756,0,"-라후이-",-0.162,-17.645,0,"Floră",-17.449,-45.114,0,"낑깡__",-10.904,-65.56,0,"Ainy4／あいにゃ",18.913,-46.884,0,"ぐだもん",10.159,-57.602,0,"Kenomo",36.445,-88.049,0,"아침땅_",-0.701,-103.6,0,"ディシジョン",-40.475,-85.563,0,0,0,0,0,0,"",0,0,0,0,6218.882,,,,0,0
140,8,1,0,4,0,2,2,0,0,0,255,255,255,71,6231.872,"Slaris",R,34,92,140,-1.394,0.487,0.036,1.837,-0.722,1.802,-36.485,40.377,73,21,6,2,0,84.5,-39.92,13.575,0,0,1,7,3,L,"vovopo 보보포",160,80.084,0.55,3,57,W,Y,6232.867,255,179,126,25,21,145,90,63.259,20.127,-0.26,0,0.384,270.459,-162.83,-166.085,-0.036,-36.392,0,"-라후이-",-0.173,-17.694,0,"Floră",-17.409,-45.08,0,"낑깡__",-11.149,-65.415,93,"Ainy4／あいにゃ",18.849,-46.903,0,"ぐだもん",9.835,-57.097,0,"Kenomo",39.186,-87.17,0,"아침땅_",-0.286,-103.572,0,"ディシジョン",-40.04,-85.88,0,6239.082,-13.562,-63.644,6239.266,3,"낑깡__",-13.276,-62.627,0,0,,,,,138,1
141,8,0,0,4,0,0,0,0,0,0,255,255,255,4,6291.704,"Espressο",R,26,106,140,2.347,1.199,0.652,2.009,0.932,2.126,-36.608,45.525,80,20,0,1,0,51.228,-200,-1.641,0,0,0,3,8,R,"ディシジョン",180.2,92.496,0.622,0,57,W,Y,0,0,0,0,0,0,0,0,0,0,0,0,0,0,0,0,0.277,-37.074,0,"kneesohime",0.074,-17.293,0,"にゃんこ65K",-21.329,-49.09,0,"vovopo 보보포",-14.191,-60.431,0,"Parottey",20.085,-51.186,0,"CoalCat",10.034,-65.218,0,"あくせる",30.276,-95.987,0,"「yune」",-2.916,-113.159,0,"Metalu",-38.555,-84.229,0,0,0,0,0,0,"",0,0,0,0,6292.916,,,,0,0
142,8,0,0,4,1,0,0,0,0,0,255,255,255,5,6305.375,"Espressο",R,13,89,111,0.931,0.687,0.656,2.092,1.037,2.486,-36.608,60.529,87,13,0,0,0,-355.864,351.228,-5.024,0,0,0,3,8,R,"ディシジョン",180.2,92.496,0.622,0,57,W,Y,0,0,0,0,0,0,0,0,0,0,0,0,0,0,0,0,0.207,-37.256,0,"kneesohime",0.082,-17.305,0,"にゃんこ65K",-21.51,-49.314,0,"vovopo 보보포",-15.71,-61.009,0,"Parottey",20.138,-51.523,0,"CoalCat",10.042,-65.209,0,"あくせる",30.253,-96.035,0,"「yune」",-2.929,-113.185,0,"Metalu",-38.635,-84.251,0,0,0,0,0,0,"",0,0,0,0,6306.716,,,,0,0
143,8,0,0,4,1,1,0,0,0,0,255,255,255,6,6320.828,"Espressο",R,10,93,117,2.117,-1.668,0.675,1.809,0.902,1.109,-36.608,46.887,94,6,0,2,0,0,400,-0.291,0,0,1,3,8,R,"ディシジョン",180.2,92.496,0.622,3,57,W,Y,6321.815,133,175,111,147,9,141,124,-10.87,-13.443,0.24,0.143,0.303,-84.398,294.681,-460.027,0.328,-37.329,0,"kneesohime",0.109,-17.365,0,"にゃんこ65K",-21.552,-49.663,90,"vovopo 보보포",-13.64,-60.385,0,"Parottey",20.134,-51.401,0,"CoalCat",9.976,-65.133,107,"あくせる",30.113,-95.935,0,"「yune」",-2.875,-113.203,0,"Metalu",-38.579,-84.239,0,6321.832,0.788,-21.995,6323.582,5,"CoalCat",10.157,-60.661,0,0,,,,,74,2
144,8,0,0,4,0,0,1,0,0,0,255,255,255,7,6343.973,"Espressο",R,26,96,140,7.548,1.523,0.959,2.171,3.078,2.398,-36.608,59.176,62,38,0,1,0,132.911,-178.231,1.073,2.292,-6.159,0,4,2,R,"Floră",190,85,0.404,0,90,W,Y,0,0,0,0,0,0,0,0,0,0,0,0,0,0,0,0,0.496,-37.417,0,"kneesohime",2.686,-16.306,0,"にゃんこ65K",-22.856,-50.309,0,"vovopo 보보포",-14.037,-60.463,0,"Parottey",19.895,-50.283,0,"CoalCat",10.52,-64.605,0,"あくせる",24.269,-101.192,0,"「yune」",-8.957,-107.399,0,"Metalu",-39.035,-85.128,0,0,0,0,0,0,"",0,0,0,0,6348.249,,,,0,0
145,8,0,0,4,1,0,1,0,0,0,255,255,255,8,6367.434,"Espressο",R,26,112,140,2.3,0.23,0.74,1.779,0.896,1.606,-36.608,35.016,85,15,0,2,0,61.122,-164.912,-4.892,0,0,1,4,2,R,"Floră",190,85,0.404,3,90,W,Y,6368.495,255,70,115,105,49,145,90,90.221,-89.305,-0.84,0,0.515,118.035,-5.515,48.473,0.427,-37.362,0,"kneesohime",0.122,-17.247,0,"にゃんこ65K",-21.869,-50.222,0,"vovopo 보보포",-13.903,-60.414,0,"Parottey",19.941,-50.634,0,"CoalCat",10.609,-64.526,0,"あくせる",24.176,-100.848,0,"「yune」",-8.675,-108.532,0,"Metalu",-38.716,-84.695,0,6374.782,-31.393,-17.784,0,0,"",0,0,0,0,,,,,2,3
146,8,0,0,4,1,1,1,0,0,0,255,255,255,9,6391.934,"Espressο",R,26,113,140,2.071,1.33,0.715,2.093,0.818,2.283,-36.608,54.461,84,16,0,2,0,45.293,-172.742,-7.241,0,0,1,4,2,R,"Floră",190,85,0.404,3,90,W,Y,6392.991,120,116,111,76,40,138,101,27.93,26.198,-0.08,0,0.466,189.476,347.33,-356.627,0.205,-37.102,0,"kneesohime",0.121,-17.065,0,"にゃんこ65K",-21.7,-50.646,0,"vovopo 보보포",-14.205,-60.634,87,"Parottey",21.023,-51.74,0,"CoalCat",9.706,-64.958,0,"あくせる",23.731,-103.646,0,"「yune」",-10.233,-107.828,0,"Metalu",-39.851,-83.555,0,6397.849,-43.032,-95.186,6398.166,8,"Metalu",-41.004,-92.215,0,0,,,,,482,1
147,8,0,0,4,0,0,2,0,0,0,255,255,255,10,6449.831,"Espressο",R,13,95,116,3.242,0.623,0.759,2.101,1.807,2.404,-36.608,78.491,93,7,0,1,0,-280.986,400,-14.624,0,0,0,5,6,R,"メリニット",175,89.637,0.502,0,57,W,Y,0,0,0,0,0,0,0,0,0,0,0,0,0,0,0,0,0.219,-37.3,0,"kneesohime",0.134,-17.187,0,"にゃんこ65K",-20.915,-49.775,0,"vovopo 보보포",-14.549,-60.603,0,"Parottey",21.053,-50.116,0,"CoalCat",9.513,-64.357,0,"あくせる",23.965,-100.406,0,"「yune」",-8.37,-110.948,0,"Metalu",-37.875,-84.629,0,0,0,0,0,0,"",0,0,0,0,6451.182,,,,0,0
148,8,0,0,4,1,0,2,0,0,0,255,255,255,11,6464.124,"Espressο",R,13,92,114,-1.098,-2.491,0.494,1.57,0.135,0.642,-36.608,26.898,45,55,0,4,0,-353.51,353.596,-1.385,-0.239,-19.949,1,5,6,R,"メリニット",175,89.637,0.502,0,57,W,Y,0,0,0,0,0,0,0,0,0,0,0,0,0,0,0,0,0.305,-37.224,0,"kneesohime",0.108,-17.592,0,"にゃんこ65K",-21.504,-49.646,0,"vovopo 보보포",-12.567,-60.898,0,"Parottey",21.002,-50.043,0,"CoalCat",9.437,-64.416,0,"あくせる",24.865,-100.092,0,"「yune」",-7.644,-108.818,0,"Metalu",-39.965,-86.888,0,0,0,0,0,0,"",0,0,0,0,6465.482,,,,0,0
149,8,0,0,4,1,1,2,0,0,0,255,255,255,12,6481.594,"Espressο",R,27,113,140,0.707,0.179,0.423,1.771,0.223,1.582,-36.608,19.379,47,53,0,2,0,52.918,-125.597,5.315,0,0,1,5,6,R,"メリニット",175,89.637,0.502,3,57,W,Y,6482.632,196,48,59,66,32,138,95,-59.954,38.461,-0.05,0,0.127,-350.998,257.67,37.082,0.146,-37.122,0,"kneesohime",0.043,-17.137,0,"にゃんこ65K",-21.34,-49.413,0,"vovopo 보보포",-12.993,-60.852,0,"Parottey",21.223,-50.361,0,"CoalCat",10.604,-63.778,0,"あくせる",26.958,-99.645,0,"「yune」",-8.378,-108.668,0,"Metalu",-40.232,-87.284,0,6482.583,-0.276,-19.587,6485.049,2,"にゃんこ65K",-17.903,-41.621,0,0,,,,,12,2
150,9,1,0,4,0,0,0,0,0,0,255,255,255,72,6558.178,"Slaris",R,34,85,138,18.815,-0.425,0.409,1.834,0.661,1.675,-36.485,50.64,68,24,8,2,0,89.284,-49.385,20.211,0,0,1,8,8,R,"Gonyong",190,80,0.2,3,57,W,Y,6559.101,211,90,106,20,8,141,93,20.872,28.09,-0.55,0.095,0.307,74.764,327.209,-409.867,-0.356,-37.352,0,"-라후이-",0.16,-17.748,0,"Floră",-18.645,-44.769,0,"낑깡__",-13.922,-67.306,0,"Ainy4／あいにゃ",20.925,-49.6,0,"ぐだもん",14.282,-63.922,61,"メリニット",49.083,-101.269,0,"아침땅_",-0.869,-112.788,0,"ディシジョン",-53.26,-99.178,91,6563.149,-38.843,-84.496,6563.782,8,"ディシジョン",-40.345,-86.626,1,0,,,,,76,2
151,9,1,0,4,0,0,0,1,0,0,8,255,255,73,6592.657,"Slaris",R,34,81,131,0.922,0.444,0.325,1.827,0.276,1.809,-36.485,55.822,65,26,9,0,0,79.839,-39.86,15.824,0,0,0,0,7,R,"「yune」",174.8,80,0.28,0,57,W,Y,0,0,0,0,0,0,0,0,0,0,0,0,0,0,0,0,-0.119,-37.676,0,"-라후이-",0.059,-17.748,0,"Floră",-18.906,-42.006,0,"낑깡__",-9.25,-60.065,0,"Ainy4／あいにゃ",17.588,-46.133,0,"ぐだもん",4.694,-59.817,0,"メリニット",48.294,-99.274,0,"아침땅_",-1.014,-111.657,0,"ディシジョン",-42.211,-87.498,0,0,0,0,0,0,"",0,0,0,0,6593.932,,,,0,0
152,9,1,0,4,0,1,0,1,0,0,8,255,255,74,6611.49,"Slaris",R,33,85,137,1.158,-0.113,0.316,1.781,0.32,1.477,-36.485,49.177,66,32,2,0,0,127.542,-52.13,19.208,0,0,0,0,7,R,"「yune」",174.8,80,0.28,0,57,W,Y,0,0,0,0,0,0,0,0,0,0,0,0,0,0,0,0,-0.035,-37.449,0,"-라후이-",0.124,-17.792,0,"Floră",-18.111,-42.472,0,"낑깡__",-10.456,-59.147,0,"Ainy4／あいにゃ",17.546,-46.132,0,"ぐだもん",5.064,-59.379,0,"メリニット",40.942,-89.748,0,"아침땅_",-1.198,-111.384,0,"ディシジョン",-43.192,-87.45,0,0,0,0,0,0,"",0,0,0,0,6612.799,,,,0,0
153,9,1,0,4,0,2,0,1,0,0,8,255,255,75,6628.283,"Slaris",R,27,93,140,1.333,-0.461,0.089,1.633,0.487,1.204,-36.485,25.001,77,23,0,2,0,68.022,-137.303,15.379,0,0,1,0,7,R,"「yune」",174.8,80,0.28,3,57,W,Y,6629.325,255,111,19,30,26,67,71,-30,40.297,0.79,0,0.181,205.706,202.024,198.136,-0.427,-37.486,0,"-라후이-",0.184,-17.884,0,"Floră",-17.972,-41.953,120,"낑깡__",-10.868,-59.134,0,"Ainy4／あいにゃ",17.202,-46.218,0,"ぐだもん",7.105,-60.333,88,"メリニット",40.952,-89.77,0,"아침땅_",-1.228,-111.59,0,"ディシジョン",-43.108,-87.303,0,6629.282,-0.646,-20.257,6631.249,2,"Floră",-16.566,-38.576,0,0,,6639.163,,,84,2
154,9,1,0,4,0,0,1,0,1,0,255,8,255,76,6673.246,"Slaris",R,28,90,140,5.12,-2.132,0.319,1.751,0.828,1.348,-36.485,41.011,66,31,3,2,0,81.265,-94.655,12.938,0,0,1,1,0,R,"Espressο",190,85.071,0.2,3,57,W,Y,6674.164,213,175,118,92,56,145,91,-23.037,-19.519,-0.78,0,0.183,-440.234,-372.739,102.384,-0.096,-37.424,0,"-라후이-",0.294,-17.804,0,"Floră",-18.557,-44.606,79,"낑깡__",-12.059,-63.543,0,"Ainy4／あいにゃ",17.896,-47.38,110,"ぐだもん",9.881,-60.741,0,"メリニット",48.176,-100.262,0,"아침땅_",-0.743,-111.705,0,"ディシジョン",-53.508,-99.987,0,6674.065,1.086,-21.657,6675.749,4,"Ainy4／あいにゃ",10.556,-48.086,0,2,,6677.367,,,22,2
155,9,1,0,4,0,0,2,0,1,0,255,8,255,77,6706.619,"Slaris",R,3,57,101,-3.746,-0.098,0.014,1.643,-0.697,1.568,-36.485,56.007,66,34,0,1,0,-459.091,0,0.496,0,0,0,2,6,R,"あくせる",190,89.801,0.5,0,73,W,Y,0,0,0,0,0,0,0,0,0,0,0,0,0,0,0,0,-0.079,-37.99,0,"-라후이-",-0.561,-17.51,0,"Floră",-19.052,-44.977,0,"낑깡__",-15.512,-67.383,0,"Ainy4／あいにゃ",17.692,-48.111,0,"ぐだもん",5.873,-59.389,0,"メリニット",50.513,-99.165,0,"아침땅_",-0.63,-113.815,0,"ディシジョン",-55.616,-101.2,0,0,0,0,0,0,"",0,0,0,0,6708.099,6709.789,,,0,0
156,9,1,0,4,1,0,2,0,1,0,255,8,255,78,6724.551,"Slaris",R,34,82,134,1.814,0.173,0.367,1.811,0.704,1.681,-36.485,52.765,70,28,3,2,0,53.727,-30.975,7.766,0,0,1,2,6,R,"あくせる",190,89.801,0.5,3,73,W,Y,6725.583,255,127,166,129,66,145,106,32.091,21.5,-0.04,0,0.226,329.483,-138.472,34.252,-0.375,-36.795,0,"-라후이-",0.283,-17.798,0,"Floră",-18.749,-44.841,0,"낑깡__",-13.965,-66.226,90,"Ainy4／あいにゃ",18.028,-48.652,0,"ぐだもん",7.782,-59.659,0,"メリニット",50.548,-99.138,0,"아침땅_",-0.67,-112.195,86,"ディシジョン",-55.612,-101.195,0,6730.649,-31.31,-104.707,6734.349,7,"아침땅_",-38.213,-124.582,1,0,,6736.476,6729.703,6734.628,388,2
157,9,1,1,4,0,0,2,0,1,0,255,6,255,79,6764.11,"Slaris",R,34,84,136,1.486,-0.453,0.256,1.727,0.524,1.258,-36.485,35.807,75,22,3,1,0,83.45,-66.217,14.87,0,0,0,3,2,R,"にゃんこ65K",190,91.072,0.596,0,57,W,Y,0,0,0,0,0,0,0,0,0,0,0,0,0,0,0,0,-0.074,-37.507,0,"-라후이-",0.212,-17.666,0,"Floră",-18.75,-44.628,0,"낑깡__",-14.272,-67.848,0,"Ainy4／あいにゃ",16.305,-48.057,0,"ぐだもん",9.633,-60.104,0,"メリニット",38.868,-86.707,0,"아침땅_",-1.357,-111.811,0,"ディシジョン",-48.522,-91.22,0,0,0,0,0,0,"",0,0,0,0,6765.399,6766.563,,,0,0
158,9,1,1,4,1,0,2,0,1,0,255,6,255,80,6784.992,"Slaris",R,34,79,129,1.085,0.908,0.325,1.926,0.338,2.105,-36.485,54.789,64,31,6,0,0,84.258,-68.651,19.929,0,0,0,3,2,R,"にゃんこ65K",190,91.072,0.596,0,57,W,Y,0,0,0,0,0,0,0,0,0,0,0,0,0,0,0,0,-0.064,-37.798,0,"-라후이-",0.201,-17.489,0,"Floră",-18.542,-44.559,0,"낑깡__",-13.915,-67.843,0,"Ainy4／あいにゃ",17.008,-47.788,0,"ぐだもん",2.244,-60.258,0,"メリニット",38.871,-86.687,0,"아침땅_",-1.235,-111.797,0,"ディシジョン",-48.569,-91.542,0,0,0,0,0,0,"",0,0,0,0,6786.232,6787.586,,,0,0
159,9,1,1,4,1,1,2,0,1,0,255,6,255,81,6804.64,"Slaris",R,33,88,140,2.037,0.017,0.4,1.833,0.738,1.563,-36.485,47.048,76,17,7,1,0,102.379,-55.739,18.702,0,0,0,3,2,R,"にゃんこ65K",190,91.072,0.596,0,57,W,Y,0,0,0,0,0,0,0,0,0,0,0,0,0,0,0,0,-0.012,-37.18,0,"-라후이-",0.244,-17.444,0,"Floră",-18.201,-44.052,0,"낑깡__",-14.3,-67.877,0,"Ainy4／あいにゃ",16.915,-47.787,0,"ぐだもん",4.59,-60.154,0,"メリニット",38.862,-86.687,0,"아침땅_",-1.234,-111.805,0,"ディシジョン",-48.625,-91.766,0,0,0,0,0,0,"",0,0,0,0,6805.866,6807.448,,,0,0
160,9,1,1,4,2,1,2,0,1,0,255,6,255,82,6824.64,"Slaris",R,13,67,108,-1.318,-1.107,0.13,1.797,0.138,1.328,-36.485,44.397,70,30,0,2,0,-383.336,312.348,-5.888,0,0,1,3,2,R,"にゃんこ65K",190,91.072,0.596,3,57,W,Y,6825.803,255,104,119,113,56,145,130,17.549,36.136,0.64,0,0.275,177.947,-320.022,-126.258,-0.299,-37.474,0,"-라후이-",-0.554,-17.515,0,"Floră",-18.342,-44.411,0,"낑깡__",-14.065,-67.727,0,"Ainy4／あいにゃ",16.946,-47.801,0,"ぐだもん",8.341,-59.282,85,"メリニット",38.859,-86.69,0,"아침땅_",-1.101,-111.812,0,"ディシジョン",-49.123,-91.532,90,6830.632,-55.333,-108.376,6833.166,8,"ディシジョン",-48.144,-101.205,1,0,,,6831.239,6836.474,76,2
161,9,1,2,4,0,0,2,1,0,0,2,255,255,83,6864.482,"Slaris",R,34,90,140,1.169,-0.99,0.265,1.755,0.37,0.916,-36.485,36.164,66,30,4,1,0,97.809,-69.573,16.155,0,0,0,4,1,R,"kneesohime",190,84.513,0.501,0,57,W,Y,0,0,0,0,0,0,0,0,0,0,0,0,0,0,0,0,-0.046,-37.303,0,"-라후이-",0.196,-17.84,0,"Floră",-19.088,-44.805,0,"낑깡__",-14.238,-67.253,0,"Ainy4／あいにゃ",17.425,-47.552,0,"ぐだもん",5.467,-61.868,0,"メリニット",46.871,-93.638,0,"아침땅_",-0.921,-109.386,0,"ディシジョン",-51.944,-97.317,0,0,0,0,0,0,"",0,0,0,0,6865.682,,,,0,0
162,9,1,2,4,1,0,2,1,0,0,2,255,255,84,6880.104,"Slaris",R,33,82,134,0.613,-1.081,0.275,1.766,0.088,0.849,-36.485,39.065,65,32,3,1,0,120.721,-74.061,17.816,0,0,0,4,1,R,"kneesohime",190,84.513,0.501,0,57,W,Y,0,0,0,0,0,0,0,0,0,0,0,0,0,0,0,0,0.132,-37.179,0,"-라후이-",0.084,-17.812,0,"Floră",-19.063,-44.896,0,"낑깡__",-14.087,-68.142,0,"Ainy4／あいにゃ",17.423,-47.515,0,"ぐだもん",7.184,-61.372,0,"メリニット",46.164,-92.05,0,"아침땅_",-0.852,-109.87,0,"ディシジョン",-51.956,-97.399,0,0,0,0,0,0,"",0,0,0,0,6881.349,,,,0,0
163,9,1,2,4,2,0,2,1,0,0,2,255,255,85,6898.31,"Slaris",R,33,86,139,1.473,0.143,0.289,1.791,0.492,1.659,-36.485,42.14,68,27,5,2,0,104.509,-39.009,15.293,0,0,1,4,1,R,"kneesohime",190,84.513,0.501,3,57,W,Y,6899.333,255,111,126,116,13,145,98,95.247,-79.358,-0.45,0,0.241,387.312,363.442,-33.425,-0.167,-36.486,0,"-라후이-",0.339,-17.775,0,"Floră",-18.767,-44.735,0,"낑깡__",-11.894,-67.164,0,"Ainy4／あいにゃ",17.366,-47.409,0,"ぐだもん",6.788,-61.161,0,"メリニット",48.788,-93.467,0,"아침땅_",-0.743,-110.251,0,"ディシジョン",-51.956,-97.414,0,0,0,0,0,0,"",0,0,0,0,,,,,4,3
164,9,1,2,4,2,1,2,1,0,0,2,255,255,86,6918.652,"Slaris",R,34,89,140,1.731,0.504,0.3,1.839,0.433,1.916,-36.485,46.759,66,26,8,2,0,89.387,-28.857,18.507,0,0,1,4,1,R,"kneesohime",190,84.513,0.501,3,57,W,Y,6919.707,255,90,153,74,45,145,90,107.093,-58.974,-0.81,0,0.29,101.134,408.214,-47.161,-0.142,-36.67,0,"-라후이-",0.256,-17.765,0,"Floră",-18.336,-44.223,0,"낑깡__",-13.942,-67.403,0,"Ainy4／あいにゃ",17.32,-47.929,0,"ぐだもん",8.46,-61.87,0,"メリニット",48.393,-94.609,0,"아침땅_",-0.862,-110.749,0,"ディシジョン",-52.31,-97.308,0,0,0,0,0,0,"",0,0,0,0,,,,,4,3
165,9,1,2,4,2,2,2,1,0,0,2,255,255,87,6938.165,"Slaris",R,33,85,138,1.299,0.027,0.167,1.742,0.424,1.552,-36.485,34.448,74,21,5,0,0,100.489,-80.868,15.243,0,0,0,4,1,R,"kneesohime",190,84.513,0.501,0,57,W,Y,0,0,0,0,0,0,0,0,0,0,0,0,0,0,0,0,-0.139,-37.249,0,"-라후이-",-0.007,-17.885,0,"Floră",-18.875,-44.597,0,"낑깡__",-14.215,-69.235,0,"Ainy4／あいにゃ",18.067,-47.83,0,"ぐだもん",6.57,-60.624,0,"メリニット",44.346,-94.097,0,"아침땅_",-1.331,-110.637,0,"ディシジョン",-53.427,-96.733,0,0,0,0,0,0,"",0,0,0,0,6939.416,,,,0,0
