id,inn,half,scoreA,scoreB,ball,strk,out,b1,b2,b3,b1Idx,b2Idx,b3Idx,pCnt,pSec,pName,pHand,pType,pPow,spdK,zoneX,zoneY,startX,startY,targetX,targetY,zDist,pitchAngle,pOver,pSide,pUnder,call,balk,sH,sV,gyro,plx,plz,bSwing,bIdx,bPos,bZone,bName,bHCm,batLen,batCen,batType,bFps,bOS,bVR,hSec,rotS,rotL,shS,lgS,prepS,batSpd,ev,ldeg,sdeg,hPos,buntGrip,handDist,angVeloX,angVeloY,angVeloZ,PPosX,PPosY,PThrSpd,CName,CPosX,CPosY,CThrSpd,1BName,1BPosX,1BPosY,1BThrSpd,2BName,2BPosX,2BPosY,2BThrSpd,3BName,3BPosX,3BPosY,3BThrSpd,SSName,SSPosX,SSPosY,SSThrSpd,LFName,LFPosX,LFPosY,LFThrSpd,CFName,CFPosX,CFPosY,CFThrSpd,RFName,RFPosX,RFPosY,RFThrSpd,ltSec,lx,lz,cSec,cPos,cPlr,cx,cz,1BSafe,tag,cpSec,sb2Sec,sb3Sec,sbhSec,ass,result
1,1,1,0,0,0,0,0,0,0,0,255,255,255,0,1157.617,"si_ho",R,13,60,91,0.372,0.457,0.531,1.947,0.823,2.517,-36.372,33.366,91,9,0,0,0,-296.873,348.169,-15.283,0,0,0,0,5,R,"coder_",164.1,80,0.283,0,86,W,Y,0,0,0,0,0,0,0,0,0,0,0,0,0,0,0,0,0.177,-37.883,0,"mungjungh",-0.017,-17.237,0,"Kr_Luna",-19.504,-49.663,0,"Yaksok~",-15.509,-63.931,0,"Penguin_iDOL",17.575,-59.609,0,"CVPileMaki",2.74,-66.688,0,"HANA_ARASHI",46.988,-100.314,0,"-KYU-",0.266,-104.831,0,"SUGUN",-46.716,-92.508,0,0,0,0,0,0,"",0,0,0,0,1158.456,,,,0,0
2,1,1,0,0,0,1,0,0,0,0,255,255,255,2,1171.586,"si_ho",R,3,74,103,0.93,-0.107,0.44,1.796,0.128,1.649,-36.372,39.089,90,10,0,2,0,-361.706,0,-5.698,0,0,1,0,5,R,"coder_",164.1,80,0.283,3,86,W,Y,1172.788,255,104,109,106,39,145,121,23.139,32.403,0.38,0,0.55,116.236,135.177,52.502,0.389,-37.437,0,"mungjungh",-0.193,-17.492,0,"Kr_Luna",-19.464,-48.096,0,"Yaksok~",-13.157,-64.871,0,"Penguin_iDOL",17.476,-59.742,0,"CVPileMaki",2.029,-67.926,68,"HANA_ARASHI",49.349,-103.891,0,"-KYU-",0.02,-105.234,0,"SUGUN",-46.78,-92.428,119,1176.981,-59.939,-108.615,1177.725,8,"SUGUN",-57.779,-107.766,1,0,,1181.515,,,384,2
3,1,1,0,0,0,0,0,0,1,0,255,5,255,2,1214.971,"si_ho",R,26,86,140,-0.547,0.139,0.27,1.783,-0.254,1.521,-36.372,17.211,92,8,0,0,0,6.448,-158.579,7.937,0,0,0,1,7,L,"눈꽃",170,80,0.497,0,85,W,Y,0,0,0,0,0,0,0,0,0,0,0,0,0,0,0,0,0.303,-37.805,0,"mungjungh",-0.067,-17.278,0,"Kr_Luna",-18.86,-48.183,0,"Yaksok~",-3.225,-60.158,0,"Penguin_iDOL",21.029,-43.893,0,"CVPileMaki",14.446,-63.938,0,"HANA_ARASHI",48.546,-107.329,0,"-KYU-",3.33,-107.15,0,"SUGUN",-43.01,-94.355,0,0,0,0,0,0,"",0,0,0,0,1215.521,1218.085,,,0,0
4,1,1,0,0,0,1,0,0,1,0,255,5,255,3,1234.362,"si_ho",R,10,81,109,1.109,-1.657,0.381,1.677,0.472,1.246,-36.372,25.847,97,3,0,1,0,0,400,10.562,0,0,0,1,7,L,"눈꽃",170,80,0.497,0,85,W,Y,0,0,0,0,0,0,0,0,0,0,0,0,0,0,0,0,0.133,-37.782,0,"mungjungh",0.085,-17.301,0,"Kr_Luna",-18.531,-49.453,0,"Yaksok~",-3.151,-60.483,0,"Penguin_iDOL",20.508,-49.134,0,"CVPileMaki",16.003,-62.686,0,"HANA_ARASHI",46.097,-106.201,0,"-KYU-",1.039,-105.294,0,"SUGUN",-43.927,-93.624,0,0,0,0,0,0,"",0,0,0,0,1235.035,1237.392,,,0,0
5,1,1,0,0,1,1,0,0,1,0,255,5,255,4,1252.061,"si_ho",R,26,88,140,-1.993,-0.445,0.095,1.629,-0.93,1.199,-36.372,3.387,58,42,0,1,0,43.707,-156.688,19.309,0,0,0,1,7,L,"눈꽃",170,80,0.497,0,85,W,Y,0,0,0,0,0,0,0,0,0,0,0,0,0,0,0,0,0.263,-37.78,0,"mungjungh",-0.105,-17.242,0,"Kr_Luna",-19.538,-47.139,0,"Yaksok~",-3.245,-60.494,0,"Penguin_iDOL",21.331,-45.378,0,"CVPileMaki",15.765,-63.036,0,"HANA_ARASHI",47.562,-104.711,0,"-KYU-",1.075,-105.405,0,"SUGUN",-43.918,-93.629,0,0,0,0,0,0,"",0,0,0,0,1252.602,1255.043,,,0,0
6,1,1,0,0,2,1,0,0,1,0,255,5,255,5,1270.953,"si_ho",R,26,80,131,0.462,2.301,0.348,1.957,0.093,2.732,-36.372,42.741,87,13,0,4,0,67.543,-153.72,-0.416,0,0,1,1,7,L,"눈꽃",170,80,0.497,0,85,W,Y,0,0,0,0,0,0,0,0,0,0,0,0,0,0,0,0,0.267,-37.717,0,"mungjungh",-0.081,-17.292,0,"Kr_Luna",-20.222,-47.822,0,"Yaksok~",-4.056,-61.534,0,"Penguin_iDOL",22.074,-46.607,0,"CVPileMaki",15.698,-62.976,0,"HANA_ARASHI",42.773,-105.026,0,"-KYU-",0.971,-105.799,0,"SUGUN",-43.929,-93.599,0,0,0,0,0,0,"",0,0,0,0,1271.483,1273.832,,,0,0
7,1,1,0,0,2,2,0,0,1,0,255,5,255,6,1288.502,"si_ho",R,10,80,107,2.202,-1.278,0.526,1.678,1.015,1.477,-36.372,42.599,90,10,0,4,0,-38.172,400,-6.83,0,0,1,1,7,L,"눈꽃",170,80,0.497,0,85,W,Y,0,0,0,0,0,0,0,0,0,0,0,0,0,0,0,0,0.248,-37.801,0,"mungjungh",-0.289,-17.941,0,"Kr_Luna",-19.777,-47.486,0,"Yaksok~",-3.347,-61.785,0,"Penguin_iDOL",22.856,-45.58,0,"CVPileMaki",16.614,-61.904,0,"HANA_ARASHI",43.561,-105.681,0,"-KYU-",2.172,-106.158,0,"SUGUN",-44.055,-93.509,0,0,0,0,0,0,"",0,0,0,0,1289.239,1291.949,,,0,0
8,1,1,0,0,0,0,1,0,1,0,255,5,255,7,1317.948,"si_ho",R,26,75,126,1.47,-0.144,0.365,1.652,0.67,1.345,-36.372,13.413,57,43,0,4,0,-52.186,-181.288,9.562,0.016,-21.174,0,2,2,R,"甲斐野柊太",190,80,0.2,0,30,W,Y,0,0,0,0,0,0,0,0,0,0,0,0,0,0,0,0,0.198,-37.803,0,"mungjungh",0.023,-20.105,0,"Kr_Luna",-17.65,-43.426,0,"Yaksok~",-13.749,-61.564,0,"Penguin_iDOL",21.11,-47.632,0,"CVPileMaki",3.034,-63.938,0,"HANA_ARASHI",34.694,-94.242,0,"-KYU-",-1.371,-103.891,0,"SUGUN",-44.509,-92.729,0,0,0,0,0,0,"",0,0,0,0,1319.752,1322.142,,,0,0
9,1,1,0,0,0,1,1,0,1,0,255,5,255,8,1410.665,"si_ho",R,13,57,89,0.876,0.33,0.556,1.899,0.85,2.151,-36.372,38.093,94,6,0,2,0,-307.513,324.878,-17.671,0,0,1,2,2,R,"甲斐野柊太",190,80,0.2,3,81,W,Y,1411.979,23,15,0,0,15,3,28,-56.592,39.932,0.62,1,0.506,201.622,110.916,-358.34,0.357,-37.66,120,"mungjungh",-0.043,-17.433,120,"Kr_Luna",-17.778,-46.682,92,"Yaksok~",-16.937,-66.804,0,"Penguin_iDOL",20.542,-47.699,0,"CVPileMaki",2.568,-67.467,85,"HANA_ARASHI",28.479,-86.524,0,"-KYU-",0.488,-104.471,0,"SUGUN",-45.43,-93.495,0,1411.345,-0.413,-20.794,1414.683,0,"si_ho",-5.183,-27.308,0,0,1420.912,,1415.552,1421.439,194,2
10,1,1,1,0,0,0,2,0,0,0,255,255,255,9,1447.641,"si_ho",R,10,73,102,1.991,-1.115,0.479,1.655,0.853,1.421,-36.372,28.744,55,45,0,1,0,0,400,12.827,0,0,0,3,8,R,"소솨소솨",185.8,80,0.498,0,81,W,Y,0,0,0,0,0,0,0,0,0,0,0,0,0,0,0,0,0.171,-37.736,0,"mungjungh",0.019,-17.042,0,"Kr_Luna",-19.166,-48.7,0,"Yaksok~",-15,-64.618,0,"Penguin_iDOL",21.31,-50.523,0,"CVPileMaki",3.39,-67.858,0,"HANA_ARASHI",42.437,-103.27,0,"-KYU-",0.084,-104.221,0,"SUGUN",-49.944,-94.731,0,0,0,0,0,0,"",0,0,0,0,1448.468,,,,0,0
11,1,1,1,0,1,0,2,0,0,0,255,255,255,10,1464.586,"si_ho",R,0,70,109,-1.722,-0.756,0.133,1.615,-0.743,1.151,-36.372,17.194,58,42,0,4,0,-6.086,0,-7.293,0,0,1,3,8,R,"소솨소솨",185.8,80,0.498,0,81,W,Y,0,0,0,0,0,0,0,0,0,0,0,0,0,0,0,0,0.016,-37.738,0,"mungjungh",-0.024,-17.227,0,"Kr_Luna",-20.146,-47.568,0,"Yaksok~",-16.11,-66.624,0,"Penguin_iDOL",21.374,-50.537,0,"CVPileMaki",2.278,-67.721,0,"HANA_ARASHI",35.272,-96.01,0,"-KYU-",1.283,-104.78,0,"SUGUN",-49.469,-94.696,0,0,0,0,0,0,"",0,0,0,0,1465.406,,,,0,0
12,1,1,1,0,1,1,2,0,0,0,255,255,255,11,1481.917,"si_ho",R,13,71,99,-4.064,-1.613,0.095,1.583,-1.126,1.177,-36.372,10.226,54,46,0,1,0,-311.435,360.911,-5.512,-0.932,-18.456,0,3,8,R,"소솨소솨",185.8,80,0.498,0,81,W,Y,0,0,0,0,0,0,0,0,0,0,0,0,0,0,0,0,0.115,-37.857,0,"mungjungh",-0.38,-17.019,0,"Kr_Luna",-19.638,-48.331,0,"Yaksok~",-14.553,-64.87,0,"Penguin_iDOL",16.454,-60.746,0,"CVPileMaki",2.448,-67.893,0,"HANA_ARASHI",45.086,-93.757,0,"-KYU-",1.611,-104.876,0,"SUGUN",-49.247,-94.571,0,0,0,0,0,0,"",0,0,0,0,1482.777,,,,0,0
13,1,1,1,0,2,1,2,0,0,0,255,255,255,12,1512.821,"si_ho",R,27,78,129,1.516,0.073,0.383,1.695,0.622,1.542,-36.372,22.257,96,4,0,2,0,18.113,-111.975,2.998,0,0,1,3,8,R,"소솨소솨",185.8,80,0.498,3,81,W,Y,1513.914,255,99,76,72,22,145,90,-11.466,-29.288,-0.76,0,0.364,-102.35,132.814,560.975,0.281,-37.29,0,"mungjungh",-0.03,-17.2,0,"Kr_Luna",-19.592,-48.244,85,"Yaksok~",-15.49,-65.67,0,"Penguin_iDOL",17.118,-60.553,100,"CVPileMaki",3.85,-67.363,0,"HANA_ARASHI",44.851,-103.992,0,"-KYU-",1.615,-104.729,0,"SUGUN",-49.472,-93.823,0,1513.296,2.615,-23.625,1515.404,4,"Penguin_iDOL",19.418,-54.673,0,0,1543.271,,,,198,2
14,1,0,1,0,0,0,0,0,0,0,255,255,255,0,1762.139,"559：広告",R,27,90,140,-0.154,0.305,0.169,1.751,-0.146,1.642,-36.419,24.327,89,11,0,0,0,64.317,-139.63,4.995,0,0,0,0,3,R,"Yaksok~",173.3,80,0.332,0,76,W,Y,0,0,0,0,0,0,0,0,0,0,0,0,0,0,0,0,0.177,-37.554,0,"SFIDA",0.15,-17.551,0,"甲斐野柊太",-18.679,-44.771,0,"柴山犬吉",-16.968,-62.36,0,"Azuner",25.715,-52.759,0,"coder_",10.379,-65.289,0,"YukihiroD",39.346,-96.097,0,"눈꽃",-5.7,-100.777,0,"소솨소솨",-44.005,-95.448,0,0,0,0,0,0,"",0,0,0,0,1762.504,,,,0,0
15,1,0,1,0,0,1,0,0,0,0,255,255,255,1,1776.005,"559：広告",R,13,72,112,3.302,-0.321,0.55,1.798,2.084,1.856,-36.419,65.327,88,12,0,4,0,-376.019,321.934,-1.057,0,0,1,0,3,R,"Yaksok~",173.3,80,0.332,0,76,W,Y,0,0,0,0,0,0,0,0,0,0,0,0,0,0,0,0,0.042,-37.391,0,"SFIDA",0.243,-17.803,0,"甲斐野柊太",-18.746,-44.065,0,"柴山犬吉",-17.004,-62.353,0,"Azuner",25.941,-52.039,0,"coder_",10.613,-65.233,0,"YukihiroD",38.124,-95.321,0,"눈꽃",-5.723,-100.771,0,"소솨소솨",-44.728,-94.555,0,0,0,0,0,0,"",0,0,0,0,1776.508,,,,0,0
16,1,0,1,0,0,2,0,0,0,0,255,255,255,2,1808.025,"559：広告",R,13,77,115,-0.395,-0.638,0.269,1.758,0.322,1.669,-36.419,57.749,86,14,0,2,0,-342.829,363.962,2.652,0,0,1,0,3,R,"Yaksok~",173.3,80,0.332,3,75,W,Y,1808.993,180,128,93,96,54,145,88,-12.325,35.179,0.97,0,0.201,-166.493,484.531,-283.507,0.081,-36.879,0,"SFIDA",-0.041,-17.528,0,"甲斐野柊太",-18.734,-43.994,85,"柴山犬吉",-16.84,-62.446,0,"Azuner",25.58,-52.598,0,"coder_",10.456,-64.842,0,"YukihiroD",38.096,-95.347,0,"눈꽃",-6.595,-102.115,0,"소솨소솨",-44.745,-94.539,0,1808.248,-1.906,-22.672,1809.908,2,"甲斐野柊太",-15.847,-42.436,0,0,,,,,4,2
17,1,0,1,0,0,0,1,0,0,0,255,255,255,3,1833.511,"559：広告",R,26,82,134,-1.666,0.148,0.027,1.72,-0.804,1.543,-36.419,35.641,92,8,0,2,0,64.075,-175.895,0.655,0,0,1,1,2,L,"Kr_Luna",190,95.256,0.504,3,75,W,Y,1834.327,164,97,141,74,40,145,125,26.446,-23.58,0.25,0,0.045,79.749,-368.469,-16.738,0.136,-37.292,0,"SFIDA",-0.077,-17.37,0,"甲斐野柊太",-18.238,-44.581,0,"柴山犬吉",-11.257,-65.503,0,"Azuner",25.869,-52.158,0,"coder_",13.488,-68.427,0,"YukihiroD",49.301,-103.203,85,"눈꽃",11.472,-106.766,0,"소솨소솨",-35.723,-87.691,0,0,0,0,1838.521,6,"YukihiroD",50.489,-112.926,0,0,,,,,32,1
18,1,0,1,0,0,0,2,0,0,0,255,255,255,4,1873.652,"559：広告",R,13,83,107,-0.779,-1.072,0.314,1.666,0.239,1.309,-36.419,40.703,92,8,0,4,0,-369.698,324.888,-3.907,0,0,1,2,4,R,"Penguin_iDOL",190,80,0.255,0,75,W,Y,0,0,0,0,0,0,0,0,0,0,0,0,0,0,0,0,-0.167,-37.962,0,"SFIDA",0.053,-17.304,0,"甲斐野柊太",-18.455,-44.085,0,"柴山犬吉",-15.327,-63.017,0,"Azuner",19.158,-51.132,0,"coder_",7.61,-71.785,0,"YukihiroD",30.227,-105.841,0,"눈꽃",-4.714,-102.529,0,"소솨소솨",-45.396,-99.17,0,0,0,0,0,0,"",0,0,0,0,1874.421,,,,0,0
19,1,0,1,0,0,1,2,0,0,0,255,255,255,5,1890.392,"559：広告",R,10,82,123,0.315,-1.686,0.258,1.547,0.268,0.983,-36.419,28.851,95,5,0,2,0,-88.661,400,6.686,0,0,1,2,4,R,"Penguin_iDOL",190,80,0.255,3,75,W,Y,1891.5,251,149,82,103,58,145,130,-16.808,-43.002,0.59,0,0.498,-477.859,173.571,-194.649,0.178,-37.391,0,"SFIDA",0.083,-17.478,0,"甲斐野柊太",-19.225,-44.468,0,"柴山犬吉",-15.403,-63.261,0,"Azuner",18.993,-51.146,120,"coder_",7.588,-70.299,0,"YukihiroD",30.193,-105.886,0,"눈꽃",-4.713,-102.532,0,"소솨소솨",-48.882,-99.439,0,1890.637,1.056,-21.548,1892.196,4,"Azuner",23.229,-48.695,0,0,,,,,70,2
20,2,1,1,0,0,0,0,0,0,0,255,255,255,13,1931.282,"si_ho",R,40,4,10,8.129,-2.664,0.444,1.452,3.526,-7.796,-36.372,106.164,0,85,15,1,0,0.205,-124.112,-2.42,0.617,-33.761,0,4,9,R,"레이나2",179.7,80.118,0.403,0,74,W,Y,0,0,0,0,0,0,0,0,0,0,0,0,0,0,0,0,-0.912,-40.406,0,"mungjungh",0.011,-17.496,0,"Kr_Luna",-19.352,-44.747,0,"Yaksok~",-15.076,-63.999,0,"Penguin_iDOL",21.563,-51.645,0,"CVPileMaki",10.419,-65.136,0,"HANA_ARASHI",37.059,-105.035,0,"-KYU-",0.554,-110.766,0,"SUGUN",-44.921,-93.434,0,0,0,0,0,0,"",0,0,0,0,,,,,0,0
21,2,1,1,0,0,0,0,0,0,0,255,255,255,13,1959.203,"si_ho",R,27,79,129,0.52,0.823,0.307,1.816,0.132,1.963,-36.372,26.439,92,8,0,0,0,57.922,-127.304,5.355,0,0,0,4,9,R,"레이나2",179.7,80.118,0.403,0,73,W,Y,0,0,0,0,0,0,0,0,0,0,0,0,0,0,0,0,0.201,-37.836,0,"mungjungh",-0.048,-17.483,0,"Kr_Luna",-19.541,-46.107,0,"Yaksok~",-15.564,-65.343,0,"Penguin_iDOL",21.876,-51.012,0,"CVPileMaki",12.339,-65.251,0,"HANA_ARASHI",36.202,-103.03,0,"-KYU-",0.694,-109.149,0,"SUGUN",-47.711,-93.202,0,0,0,0,0,0,"",0,0,0,0,1959.858,,,,0,0
22,2,1,1,0,0,1,0,0,0,0,255,255,255,14,1974.034,"si_ho",R,10,67,98,1.758,-0.962,0.421,1.707,0.626,1.677,-36.372,31.848,96,4,0,2,0,60.672,400,6.413,0,0,1,4,9,R,"레이나2",179.7,80.118,0.403,3,73,W,Y,1975.31,255,229,97,117,72,145,122,-15.455,26.432,0.76,0,0.166,25.186,-36.357,-598.368,0.151,-37.023,0,"mungjungh",0.064,-17.604,0,"Kr_Luna",-19.284,-46.399,0,"Yaksok~",-15.995,-66.07,104,"Penguin_iDOL",21.727,-51.089,0,"CVPileMaki",12.127,-65.293,0,"HANA_ARASHI",38.632,-95.548,0,"-KYU-",0.199,-107.179,0,"SUGUN",-47.831,-93.311,0,1974.508,-0.839,-23.624,1976.358,3,"Yaksok~",-19.487,-61.485,0,16,,,,,3,2
23,2,1,1,0,0,0,1,0,0,0,255,255,255,15,2000.387,"si_ho",R,13,54,87,1.027,-0.712,0.581,1.788,1.018,1.736,-36.372,29.002,58,42,0,0,0,-293.265,335.427,5.967,0,0,0,5,6,R,"YukihiroD",174.3,80,0.4,0,73,W,Y,0,0,0,0,0,0,0,0,0,0,0,0,0,0,0,0,0.156,-37.841,0,"mungjungh",-0.02,-17.409,0,"Kr_Luna",-19.567,-47.491,0,"Yaksok~",-14.993,-63.795,0,"Penguin_iDOL",22.479,-50.62,0,"CVPileMaki",11.85,-65.422,0,"HANA_ARASHI",38.242,-103.925,0,"-KYU-",0.445,-104.428,0,"SUGUN",-43.273,-94.341,0,0,0,0,0,0,"",0,0,0,0,2001.329,,,,0,0
24,2,1,1,0,0,1,1,0,0,0,255,255,255,16,2015.991,"si_ho",R,10,71,101,2.03,-2.481,0.525,1.451,0.869,0.811,-36.372,20.021,61,39,0,1,0,0,400,4.984,0.372,-20.034,0,5,6,R,"YukihiroD",174.3,80,0.4,0,73,W,Y,0,0,0,0,0,0,0,0,0,0,0,0,0,0,0,0,0.339,-37.706,0,"mungjungh",0.029,-17.456,0,"Kr_Luna",-19.597,-47.448,0,"Yaksok~",-15.805,-65.057,0,"Penguin_iDOL",22.451,-50.781,0,"CVPileMaki",12.262,-65.017,0,"HANA_ARASHI",37.464,-102.287,0,"-KYU-",0.678,-104.346,0,"SUGUN",-43.311,-94.326,0,0,0,0,0,0,"",0,0,0,0,2016.731,,,,0,0
25,2,1,1,0,1,1,1,0,0,0,255,255,255,17,2031.077,"si_ho",R,0,76,114,1.988,-0.87,0.508,1.532,0.85,1.105,-36.372,26.559,59,41,0,4,0,0,0,-2.189,0,0,1,5,6,R,"YukihiroD",174.3,80,0.4,0,73,W,Y,0,0,0,0,0,0,0,0,0,0,0,0,0,0,0,0,0.189,-37.742,0,"mungjungh",0.006,-17.387,0,"Kr_Luna",-19.515,-47.5,0,"Yaksok~",-15.552,-64.941,0,"Penguin_iDOL",22.2,-50.78,0,"CVPileMaki",12.299,-65.386,0,"HANA_ARASHI",37.534,-101.893,0,"-KYU-",0.614,-104.322,0,"SUGUN",-43.361,-94.529,0,0,0,0,0,0,"",0,0,0,0,2031.793,,,,0,0
26,2,1,1,0,1,2,1,0,0,0,255,255,255,18,2049.21,"si_ho",R,13,67,97,-2.045,-2.403,0.295,1.516,-0.466,0.899,-36.372,19.355,56,44,0,2,0,-202.254,400,-20.911,0,0,1,5,6,R,"YukihiroD",174.3,80,0.4,3,73,W,Y,2050.435,173,132,81,72,46,145,95,99.884,-82.885,0.94,0,0.464,186.936,-223.168,-25.366,0.199,-37.655,0,"mungjungh",-0.318,-17.639,0,"Kr_Luna",-19.93,-47.161,0,"Yaksok~",-15.909,-66.582,0,"Penguin_iDOL",22.292,-50.637,0,"CVPileMaki",9.751,-65.766,0,"HANA_ARASHI",33.716,-102.803,0,"-KYU-",0.844,-104.252,0,"SUGUN",-43.402,-94.318,0,2054.531,-75.154,-14.174,0,0,"",0,0,0,0,,,,,0,3
27,2,1,1,0,1,2,1,0,0,0,255,255,255,19,2067.609,"si_ho",R,26,81,132,0.579,0.02,0.323,1.655,0.224,1.42,-36.372,13.029,53,47,0,0,0,12.901,-195.318,9.527,0,0,0,5,6,R,"YukihiroD",174.3,80,0.4,0,72,W,Y,0,0,0,0,0,0,0,0,0,0,0,0,0,0,0,0,0.254,-37.809,0,"mungjungh",-0.084,-17.264,0,"Kr_Luna",-19.976,-49.513,0,"Yaksok~",-15.452,-66.494,0,"Penguin_iDOL",21.879,-51.721,0,"CVPileMaki",12.062,-65.466,0,"HANA_ARASHI",37.853,-102.181,0,"-KYU-",0.166,-106.762,0,"SUGUN",-43.999,-93.432,0,0,0,0,0,0,"",0,0,0,0,2068.189,,,,0,0
28,2,1,1,0,0,0,2,0,0,0,255,255,255,20,2088.529,"si_ho",R,26,89,140,-1.407,-0.564,0.107,1.473,-0.574,1.12,-36.372,4.542,45,55,0,0,0,-44.685,-163.106,29.46,0,0,0,6,4,L,"Azuner",190,80,0.297,0,72,W,Y,0,0,0,0,0,0,0,0,0,0,0,0,0,0,0,0,0.163,-37.877,0,"mungjungh",-0.102,-17.256,0,"Kr_Luna",-19.601,-50.096,0,"Yaksok~",-10.566,-68.441,0,"Penguin_iDOL",22.993,-51.47,0,"CVPileMaki",14.218,-63.701,0,"HANA_ARASHI",46.732,-103.267,0,"-KYU-",2.096,-107.703,0,"SUGUN",-47.158,-95.464,0,0,0,0,0,0,"",0,0,0,0,2089.102,,,,0,0
29,2,1,1,0,0,1,2,0,0,0,255,255,255,21,2107.336,"si_ho",R,10,79,107,0.308,-1.376,0.296,1.698,0.126,1.275,-36.372,28.863,94,6,0,4,0,0,400,2.413,0,0,1,6,4,L,"Azuner",190,80,0.297,0,72,W,Y,0,0,0,0,0,0,0,0,0,0,0,0,0,0,0,0,0.288,-37.777,0,"mungjungh",-0.144,-17.186,0,"Kr_Luna",-19.934,-49.209,0,"Yaksok~",-10.554,-67.513,0,"Penguin_iDOL",22.929,-51.63,0,"CVPileMaki",12.863,-64.827,0,"HANA_ARASHI",42.61,-100.677,0,"-KYU-",1.619,-106.762,0,"SUGUN",-48.772,-93.435,0,0,0,0,0,0,"",0,0,0,0,2108.068,,,,0,0
30,2,1,1,0,0,2,2,0,0,0,255,255,255,22,2125.674,"si_ho",R,10,73,103,1.66,-1.92,0.501,1.448,0.708,0.975,-36.372,26.054,43,57,0,1,0,0,400,7.632,0.29,-19.055,0,6,4,L,"Azuner",190,80,0.297,0,72,W,Y,0,0,0,0,0,0,0,0,0,0,0,0,0,0,0,0,0.168,-37.87,0,"mungjungh",0.003,-17.14,0,"Kr_Luna",-19.112,-49.419,0,"Yaksok~",-10.788,-67.302,0,"Penguin_iDOL",23.013,-51.511,0,"CVPileMaki",15.121,-63.41,0,"HANA_ARASHI",42.065,-100.031,0,"-KYU-",1.62,-106.748,0,"SUGUN",-47.872,-94.825,0,0,0,0,0,0,"",0,0,0,0,2126.385,,,,0,0
31,2,1,1,0,1,2,2,0,0,0,255,255,255,23,2139.953,"si_ho",R,14,64,94,3.552,-1.307,0.48,1.61,0.879,1.371,-36.372,24.711,63,37,0,1,0,296.816,359.662,2.979,0.785,-17.915,0,6,4,L,"Azuner",190,80,0.297,0,72,W,Y,0,0,0,0,0,0,0,0,0,0,0,0,0,0,0,0,0.202,-37.861,0,"mungjungh",0.033,-17.15,0,"Kr_Luna",-19.199,-49.408,0,"Yaksok~",-11.405,-69.098,0,"Penguin_iDOL",23.171,-51.49,0,"CVPileMaki",15.252,-63.605,0,"HANA_ARASHI",42.361,-99.968,0,"-KYU-",1.599,-106.705,0,"SUGUN",-46.268,-96.799,0,0,0,0,0,0,"",0,0,0,0,2140.821,,,,0,0
32,2,1,1,0,2,2,2,0,0,0,255,255,255,24,2153.919,"si_ho",R,27,82,133,-1.125,0.649,0.21,1.789,-0.59,1.885,-36.372,23.139,92,8,0,0,0,66.423,-141.496,7.242,0,0,1,6,4,L,"Azuner",190,80,0.297,0,72,W,Y,0,0,0,0,0,0,0,0,0,0,0,0,0,0,0,0,0.138,-37.965,0,"mungjungh",-0.132,-17.174,0,"Kr_Luna",-19.506,-50.345,0,"Yaksok~",-10.862,-67.307,0,"Penguin_iDOL",23.076,-51.602,0,"CVPileMaki",14.491,-64.144,0,"HANA_ARASHI",49.582,-100.008,0,"-KYU-",2.765,-107.438,0,"SUGUN",-46.072,-92.585,0,0,0,0,0,0,"",0,0,0,0,2154.533,,,,0,0
33,2,0,1,0,0,0,0,0,0,0,255,255,255,6,2204.222,"559：広告",R,13,70,110,1.691,-0.334,0.437,1.822,1.26,1.789,-36.419,61.312,86,14,0,1,0,-349.55,357.512,-5.277,0,0,0,3,9,R,"가앤슬_",190,87,0.2,0,71,W,Y,0,0,0,0,0,0,0,0,0,0,0,0,0,0,0,0,0.086,-37.815,0,"SFIDA",0.095,-17.324,0,"甲斐野柊太",-19.336,-43.907,0,"柴山犬吉",-16.485,-62.867,0,"Azuner",20.822,-51.61,0,"coder_",8.355,-69.249,0,"YukihiroD",33.15,-93.519,0,"눈꽃",-4.859,-111.965,0,"소솨소솨",-43.438,-96.913,0,0,0,0,0,0,"",0,0,0,0,2205,,,,0,0
34,2,0,1,0,1,0,0,0,0,0,255,255,255,7,2217.651,"559：広告",R,27,83,135,2.046,0.899,0.357,1.968,0.821,2.06,-36.419,48.895,84,16,0,1,0,42.986,-117.671,-3.092,0,0,0,3,9,R,"가앤슬_",190,87,0.2,0,71,W,Y,0,0,0,0,0,0,0,0,0,0,0,0,0,0,0,0,0.134,-37.909,0,"SFIDA",0.108,-17.416,0,"甲斐野柊太",-22.296,-48.041,0,"柴山犬吉",-16.654,-62.815,0,"Azuner",21.037,-51.397,0,"coder_",7.564,-70.836,0,"YukihiroD",33.189,-93.466,0,"눈꽃",-4.82,-112.059,0,"소솨소솨",-43.385,-96.945,0,0,0,0,0,0,"",0,0,0,0,2218.235,,,,0,0
35,2,0,1,0,2,0,0,0,0,0,255,255,255,8,2231.495,"559：広告",R,28,91,140,-0.138,-0.672,0.173,1.585,-0.126,1.105,-36.419,23.166,89,11,0,0,0,45.929,-93.795,0.105,0,0,0,3,9,R,"가앤슬_",190,87,0.2,0,71,W,Y,0,0,0,0,0,0,0,0,0,0,0,0,0,0,0,0,-0.106,-38.178,0,"SFIDA",0.072,-17.441,0,"甲斐野柊太",-19.829,-44.682,0,"柴山犬吉",-16.571,-62.635,0,"Azuner",20.968,-51.346,0,"coder_",6.31,-71.847,0,"YukihiroD",33.284,-93.461,0,"눈꽃",-4.412,-112.602,0,"소솨소솨",-43.393,-96.929,0,0,0,0,0,0,"",0,0,0,0,2232.056,,,,0,0
36,2,0,1,0,2,1,0,0,0,0,255,255,255,9,2258.084,"559：広告",R,13,89,126,-4.798,-0.927,-0.133,1.675,-1.548,1.397,-36.419,31.376,87,13,0,2,0,-353.532,353.575,-0.791,0,0,1,3,9,R,"가앤슬_",190,87,0.2,3,71,W,Y,2259.233,225,51,109,95,51,145,109,-30,49.4,0.93,0,0.635,-154.831,81.9,-38.614,-0.34,-37.266,0,"SFIDA",-0.696,-17.553,0,"甲斐野柊太",-19.036,-44.198,0,"柴山犬吉",-16.507,-62.665,0,"Azuner",20.482,-51.49,0,"coder_",7.854,-70.808,0,"YukihiroD",33.146,-93.501,0,"눈꽃",-5.289,-111.147,0,"소솨소솨",-44.458,-96.383,0,2258.519,-1.965,-20.483,0,0,"",0,0,0,0,,,,,0,3
37,2,0,1,0,2,2,0,0,0,0,255,255,255,10,2279.295,"559：広告",R,10,83,127,1.562,-0.643,0.373,1.704,0.804,1.492,-36.419,39.141,93,7,0,2,0,-89.875,280.083,0.054,0,0,1,3,9,R,"가앤슬_",190,87,0.2,3,71,W,Y,2280.411,186,42,134,100,57,145,101,-9.06,-14.972,-0.32,0,0.49,-168.44,575.41,20.704,0.096,-37.237,0,"SFIDA",0.157,-17.489,0,"甲斐野柊太",-18.864,-44.03,83,"柴山犬吉",-16.436,-62.811,0,"Azuner",20.72,-51.139,0,"coder_",9.622,-68.265,98,"YukihiroD",31.982,-93.354,0,"눈꽃",-7.012,-115.248,0,"소솨소솨",-43.738,-93.688,0,2279.814,1.347,-24.406,2281.804,5,"coder_",10.229,-60.709,0,0,,,,,5,2
38,2,0,1,0,0,0,1,0,0,0,255,255,255,11,2305.262,"559：広告",R,13,88,126,-3.468,-2.282,-0.026,1.397,-1.049,0.496,-36.419,12.471,53,47,0,1,0,-353.498,353.609,15.264,-0.685,-19.729,0,4,6,R,"HANA_ARASHI",190,90,0.25,0,70,W,Y,0,0,0,0,0,0,0,0,0,0,0,0,0,0,0,0,0.118,-37.61,0,"SFIDA",0.025,-17.441,0,"甲斐野柊太",-18.831,-43.973,0,"柴山犬吉",-17.212,-62.254,0,"Azuner",21.054,-52.269,0,"coder_",8.753,-69.288,0,"YukihiroD",34.062,-92.68,0,"눈꽃",-4.384,-110.248,0,"소솨소솨",-46.574,-98.023,0,0,0,0,0,0,"",0,0,0,0,2305.804,,,,0,0
39,2,0,1,0,1,0,1,0,0,0,255,255,255,12,2401.386,"559：広告",R,26,87,140,-0.143,0.658,0.169,1.824,-0.145,1.881,-36.419,24.424,86,14,0,2,0,58.251,-161.659,4.421,0,0,1,4,6,R,"HANA_ARASHI",190,90,0.25,3,69,W,Y,2402.441,172,59,73,42,30,137,130,95.724,-81.608,0.53,0,0.504,-74.837,81.573,-53.272,0.135,-37.667,0,"SFIDA",0.082,-17.305,0,"甲斐野柊太",-19.533,-45.871,0,"柴山犬吉",-16.231,-62.824,0,"Azuner",20.705,-51.211,0,"coder_",10.298,-68.982,0,"YukihiroD",31.134,-91.346,0,"눈꽃",-6.521,-113.201,0,"소솨소솨",-43.608,-97.303,0,0,0,0,0,0,"",0,0,0,0,,,,,0,3
40,2,0,1,0,1,1,1,0,0,0,255,255,255,13,2415.757,"559：広告",R,26,79,129,3.312,2.73,0.352,2.13,1.252,3.133,-36.419,66.032,82,18,0,1,0,122.443,-200,0.554,0,0,0,4,6,R,"HANA_ARASHI",190,90,0.25,0,69,W,Y,0,0,0,0,0,0,0,0,0,0,0,0,0,0,0,0,0.163,-37.456,0,"SFIDA",0.062,-17.424,0,"甲斐野柊太",-20.371,-46.595,0,"柴山犬吉",-16.99,-62.565,0,"Azuner",20.547,-51.429,0,"coder_",7.86,-69.936,0,"YukihiroD",31.454,-94.705,0,"눈꽃",-8.637,-113.8,0,"소솨소솨",-44.481,-99.533,0,0,0,0,0,0,"",0,0,0,0,2416.35,,,,0,0
41,2,0,1,0,2,1,1,0,0,0,255,255,255,14,2431.216,"559：広告",R,13,82,120,-1.646,-0.172,0.178,1.873,-0.184,1.915,-36.419,55.261,83,17,0,4,0,-333.135,372.856,-0.438,0,0,1,4,6,R,"HANA_ARASHI",190,90,0.25,0,69,W,Y,0,0,0,0,0,0,0,0,0,0,0,0,0,0,0,0,-0.088,-37.241,0,"SFIDA",-0.435,-17.185,0,"甲斐野柊太",-19.278,-43.754,0,"柴山犬吉",-17.172,-62.348,0,"Azuner",20.635,-51.413,0,"coder_",7.041,-69.76,0,"YukihiroD",30.93,-94.656,0,"눈꽃",-8.564,-109.964,0,"소솨소솨",-44.396,-94.066,0,0,0,0,0,0,"",0,0,0,0,2431.839,,,,0,0
42,2,0,1,0,2,2,1,0,0,0,255,255,255,15,2479.268,"559：広告",R,26,76,127,1.226,2.321,0.221,2.079,0.347,2.872,-36.419,62.286,79,21,0,1,0,120.211,-200,1.376,0,0,0,4,6,R,"HANA_ARASHI",190,90,0.25,0,48,W,Y,0,0,0,0,0,0,0,0,0,0,0,0,0,0,0,0,-0.192,-37.344,0,"SFIDA",0.017,-17.48,0,"甲斐野柊太",-24.397,-49.482,0,"柴山犬吉",-17.088,-62.397,0,"Azuner",20.507,-51.404,0,"coder_",9.431,-68.978,0,"YukihiroD",32.013,-94.525,0,"눈꽃",-6.308,-107.687,0,"소솨소솨",-44.504,-96.404,0,0,0,0,0,0,"",0,0,0,0,2479.871,,,,0,0
43,2,0,1,0,3,2,1,0,0,0,255,255,255,16,2496.606,"559：広告",R,13,89,127,-2.419,-1.147,0.026,1.646,-0.808,1.304,-36.419,19.572,91,9,0,2,0,-163.789,400,2.648,0,0,1,4,6,R,"HANA_ARASHI",190,90,0.25,3,48,W,Y,2497.664,182,94,140,92,43,145,109,-12.729,41.66,0.93,0,0.632,-183.852,294.302,-56.08,-0.204,-37.087,0,"SFIDA",-0.008,-17.805,0,"甲斐野柊太",-18.94,-44.349,86,"柴山犬吉",-17.049,-62.317,0,"Azuner",20.825,-51.156,0,"coder_",10.384,-69.08,0,"YukihiroD",32.055,-94.452,0,"눈꽃",-5.409,-107.868,0,"소솨소솨",-44.411,-96.428,0,2496.906,-2.359,-22.313,2498.219,2,"甲斐野柊太",-16.217,-39.458,0,0,,,,,4,2
44,2,0,1,0,0,0,2,0,0,0,255,255,255,17,2519.522,"559：広告",R,26,91,140,-0.039,0.575,0.178,1.782,-0.102,1.751,-36.419,30.814,85,15,0,2,0,70.004,-200,3.211,0,0,1,5,7,R,"-KYU-",176.1,83,0.433,3,68,W,Y,2520.566,255,235,77,95,0,145,127,26.81,5.941,0.49,0,0.56,88.208,-115.697,9.312,-0.238,-37.289,0,"SFIDA",0.111,-17.514,0,"甲斐野柊太",-18.752,-44.08,0,"柴山犬吉",-16.897,-62.409,0,"Azuner",17.828,-50.292,0,"coder_",8.1,-66.562,0,"YukihiroD",31.594,-92.972,0,"눈꽃",-1.556,-113.694,95,"소솨소솨",-42.196,-96.533,0,0,0,0,2524.868,7,"눈꽃",-8.626,-126.678,0,0,,,,,134,1
45,3,1,1,0,0,0,0,0,0,0,255,255,255,25,2814.818,"si_ho",R,27,82,134,-1.371,0.35,0.141,1.752,-0.66,1.702,-36.372,11.353,52,48,0,0,0,48.645,-137.765,13.803,0,0,0,7,1,L,"SFIDA",189.1,80,0.2,0,66,W,Y,0,0,0,0,0,0,0,0,0,0,0,0,0,0,0,0,0.25,-37.695,0,"mungjungh",-0.083,-17.197,0,"Kr_Luna",-18.608,-47.868,0,"Yaksok~",-15.726,-63.556,0,"Penguin_iDOL",16.404,-59.647,0,"CVPileMaki",1.623,-68.194,0,"HANA_ARASHI",40.842,-100.263,0,"-KYU-",4.356,-106.521,0,"SUGUN",-44.965,-94.594,0,0,0,0,0,0,"",0,0,0,0,2815.181,,,,0,0
46,3,1,1,0,0,1,0,0,0,0,255,255,255,26,2836.12,"si_ho",R,11,70,104,-0.453,-0.973,0.222,1.689,-0.204,1.332,-36.372,26.942,96,4,0,1,0,0,234.135,1.441,0,0,0,7,1,L,"SFIDA",189.1,80,0.2,0,66,W,Y,0,0,0,0,0,0,0,0,0,0,0,0,0,0,0,0,0.293,-37.48,0,"mungjungh",-0.148,-17.165,0,"Kr_Luna",-18.959,-47.696,0,"Yaksok~",-15.075,-63.913,0,"Penguin_iDOL",15.283,-60.22,0,"CVPileMaki",1.858,-68.155,0,"HANA_ARASHI",44.55,-97.125,0,"-KYU-",-0.949,-108.581,0,"SUGUN",-44.852,-94.701,0,0,0,0,0,0,"",0,0,0,0,2836.694,,,,0,0
47,3,1,1,0,1,1,0,0,0,0,255,255,255,27,2851.151,"si_ho",R,10,73,103,-1.129,-1.977,0.177,1.543,-0.493,0.944,-36.372,14.597,58,42,0,1,0,-1.988,400,3.132,-0.241,-19.137,0,7,1,L,"SFIDA",189.1,80,0.2,0,66,W,Y,0,0,0,0,0,0,0,0,0,0,0,0,0,0,0,0,0.202,-37.819,0,"mungjungh",-0.115,-17.178,0,"Kr_Luna",-19.12,-47.826,0,"Yaksok~",-15.027,-64.051,0,"Penguin_iDOL",15.755,-60.158,0,"CVPileMaki",1.782,-68.098,0,"HANA_ARASHI",42.592,-95.958,0,"-KYU-",4.202,-108.316,0,"SUGUN",-45.005,-94.403,0,0,0,0,0,0,"",0,0,0,0,2851.756,,,,0,0
48,3,1,1,0,2,1,0,0,0,0,255,255,255,28,2868.985,"si_ho",R,27,78,129,-1.012,-0.069,0.143,1.676,-0.424,1.434,-36.372,9.247,58,42,0,0,0,-14.945,-138.698,16.838,0,0,0,7,1,L,"SFIDA",189.1,80,0.2,0,66,W,Y,0,0,0,0,0,0,0,0,0,0,0,0,0,0,0,0,0.324,-37.531,0,"mungjungh",-0.183,-17.066,0,"Kr_Luna",-19.026,-47.757,0,"Yaksok~",-15.047,-64.054,0,"Penguin_iDOL",15.313,-60.253,0,"CVPileMaki",1.855,-68.141,0,"HANA_ARASHI",44.81,-94.877,0,"-KYU-",2.985,-108.521,0,"SUGUN",-45.004,-94.445,0,0,0,0,0,0,"",0,0,0,0,2869.381,,,,0,0
49,3,1,1,0,2,2,0,0,0,0,255,255,255,29,2885.269,"si_ho",R,11,72,106,2.448,-1.658,0.57,1.551,1.049,0.857,-36.372,30.343,57,43,0,4,0,0,205.113,9.904,0,0,1,7,1,L,"SFIDA",189.1,80,0.2,0,66,W,Y,0,0,0,0,0,0,0,0,0,0,0,0,0,0,0,0,0.291,-37.769,0,"mungjungh",0.017,-17.273,0,"Kr_Luna",-18.545,-48.17,0,"Yaksok~",-12.928,-65.252,0,"Penguin_iDOL",18.444,-58.762,0,"CVPileMaki",3.963,-67.49,0,"HANA_ARASHI",45.841,-86.115,0,"-KYU-",3.142,-108.101,0,"SUGUN",-41.722,-96.117,0,0,0,0,0,0,"",0,0,0,0,2885.762,,,,0,0
50,3,1,1,0,0,0,1,0,0,0,255,255,255,30,2908.455,"si_ho",R,26,86,139,1.673,0.144,0.384,1.71,0.635,1.531,-36.372,26.711,94,6,0,2,0,71.402,-152.852,-2.931,0,0,1,8,3,R,"柴山犬吉",169.9,90.243,0.6,3,66,W,Y,2909.482,255,104,155,85,34,145,93,38.976,-27.376,-0.33,0,0.206,86.476,-195.859,415.269,0.267,-37.271,0,"mungjungh",0.075,-17.411,0,"Kr_Luna",-19.322,-47.459,0,"Yaksok~",-14.751,-64.187,0,"Penguin_iDOL",22.088,-52.904,0,"CVPileMaki",6.674,-66.58,0,"HANA_ARASHI",35.793,-99.756,120,"-KYU-",-0.633,-103.101,0,"SUGUN",-44.292,-92.492,0,0,0,0,2913.927,6,"HANA_ARASHI",34.415,-83.33,0,0,,,,,16,1
51,3,1,1,0,0,0,2,0,0,0,255,255,255,31,2953.253,"si_ho",R,12,73,110,-2.791,-0.823,0.054,1.697,-1.218,1.229,-36.372,13.941,95,5,0,1,0,0,51.672,10.821,0,0,0,0,5,R,"coder_",164.1,80,0.283,0,66,W,Y,0,0,0,0,0,0,0,0,0,0,0,0,0,0,0,0,0.27,-37.746,0,"mungjungh",-0.029,-17.544,0,"Kr_Luna",-19.844,-47.474,0,"Yaksok~",-15.296,-63.626,0,"Penguin_iDOL",23.241,-51.802,0,"CVPileMaki",3.927,-66.45,0,"HANA_ARASHI",31.496,-90.302,0,"-KYU-",1.673,-101.529,0,"SUGUN",-45.873,-93.661,0,0,0,0,0,0,"",0,0,0,0,2953.977,,,,0,0
52,3,1,1,0,1,0,2,0,0,0,255,255,255,32,2970.202,"si_ho",R,26,78,128,0.837,-2.359,0.327,1.369,0.387,0.142,-36.372,16.926,52,48,0,1,0,-22.248,-163.888,21.907,0.135,-18.909,0,0,5,R,"coder_",164.1,80,0.283,0,55,W,Y,0,0,0,0,0,0,0,0,0,0,0,0,0,0,0,0,0.17,-37.881,0,"mungjungh",-0.126,-17.194,0,"Kr_Luna",-19.079,-44.488,0,"Yaksok~",-14.839,-62.656,0,"Penguin_iDOL",21.901,-50.465,0,"CVPileMaki",10.582,-63.718,0,"HANA_ARASHI",32.601,-93.46,0,"-KYU-",-0.376,-103.256,0,"SUGUN",-44.788,-93.831,0,0,0,0,0,0,"",0,0,0,0,2970.917,,,,0,0
53,3,1,1,0,2,0,2,0,0,0,255,255,255,33,2991.022,"si_ho",R,13,50,84,0.414,-0.031,0.564,1.817,0.926,2.16,-36.372,30.467,100,0,0,0,0,-301.986,264.888,-23.948,0,0,0,0,5,R,"coder_",164.1,80,0.283,0,55,W,Y,0,0,0,0,0,0,0,0,0,0,0,0,0,0,0,0,0.163,-38.08,0,"mungjungh",-0.125,-17.217,0,"Kr_Luna",-19.642,-46.044,0,"Yaksok~",-15.087,-64.011,0,"Penguin_iDOL",22.151,-50.503,0,"CVPileMaki",12.766,-64.888,0,"HANA_ARASHI",32.952,-97.155,0,"-KYU-",0.676,-105.633,0,"SUGUN",-44.694,-93.691,0,0,0,0,0,0,"",0,0,0,0,2991.914,,,,0,0
54,3,1,1,0,2,1,2,0,0,0,255,255,255,34,3006.714,"si_ho",R,26,75,126,1.314,0.078,0.366,1.736,0.557,1.593,-36.372,15.222,55,45,0,2,0,-31.169,-186.117,16.068,0,0,1,0,5,R,"coder_",164.1,80,0.283,3,55,W,Y,3007.832,25,6,1,0,0,0,32,100.6,-51.699,-0.69,1,0.609,-267.954,16.738,438.362,0.233,-37.449,0,"mungjungh",-0.099,-17.733,0,"Kr_Luna",-18.08,-45.545,0,"Yaksok~",-16.709,-64.038,0,"Penguin_iDOL",21.781,-50.152,0,"CVPileMaki",12.723,-64.76,0,"HANA_ARASHI",35.796,-95.436,0,"-KYU-",-2.732,-103.429,0,"SUGUN",-44.578,-93.71,0,0,0,0,3010.819,1,"mungjungh",-5.728,-16.033,0,0,3010.819,,,,64,1
55,3,0,1,0,0,0,0,0,0,0,255,255,255,18,3059.708,"559：広告",R,27,86,139,-0.155,1.305,0.172,1.958,-0.132,2.314,-36.419,35.862,82,18,0,4,0,51.335,-127.74,-2.369,0,0,1,6,1,R,"mungjungh",190,85.921,0.299,0,65,W,Y,0,0,0,0,0,0,0,0,0,0,0,0,0,0,0,0,-0.021,-37.705,0,"SFIDA",0.026,-17.305,0,"甲斐野柊太",-19.625,-45.036,0,"柴山犬吉",-16.711,-62.48,0,"Azuner",21.215,-50.879,0,"coder_",8.918,-65.869,0,"YukihiroD",33.192,-95.377,0,"눈꽃",-0.521,-111.348,0,"소솨소솨",-44.03,-98.04,0,0,0,0,0,0,"",0,0,0,0,3060.227,,,,0,0
56,3,0,1,0,0,1,0,0,0,0,255,255,255,19,3075.131,"559：広告",R,13,82,120,-3.054,-0.789,0.05,1.755,-0.747,1.499,-36.419,51.613,88,12,0,2,0,-361.23,345.707,-1.907,0,0,1,6,1,R,"mungjungh",190,85.921,0.299,3,65,W,Y,3076.149,219,91,128,94,35,145,111,-20.748,40.329,0.92,0,0.338,-166.348,288.551,45.657,-0.281,-37.164,0,"SFIDA",-0.053,-17.421,0,"甲斐野柊太",-19.622,-42.336,88,"柴山犬吉",-16.675,-62.451,0,"Azuner",21.365,-51.147,0,"coder_",8.017,-69.077,0,"YukihiroD",33.225,-95.456,0,"눈꽃",-4.496,-111.105,0,"소솨소솨",-46.58,-97.813,0,3075.414,-1.85,-21.138,3076.8,2,"甲斐野柊太",-16.652,-38.475,0,0,,,,,4,2
57,3,0,1,0,0,0,1,0,0,0,255,255,255,20,3101.89,"559：広告",R,13,80,118,-0.585,0.259,0.196,1.902,-0.021,2.172,-36.419,54.362,85,15,0,0,0,-170.993,400,-3.997,0,0,0,7,5,R,"CVPileMaki",175.2,94,0.397,0,65,W,Y,0,0,0,0,0,0,0,0,0,0,0,0,0,0,0,0,-0.122,-37.467,0,"SFIDA",-0.037,-17.418,0,"甲斐野柊太",-19.343,-42.546,0,"柴山犬吉",-16.252,-62.752,0,"Azuner",18.811,-50.405,0,"coder_",4.111,-69.329,0,"YukihiroD",29.726,-96.205,0,"눈꽃",-5.551,-105.931,0,"소솨소솨",-42.063,-92.566,0,0,0,0,0,0,"",0,0,0,0,3102.614,,,,0,0
58,3,0,1,0,0,1,1,0,0,0,255,255,255,21,3118.197,"559：広告",R,3,78,108,-1.166,0.209,0.236,1.833,0.044,1.762,-36.419,52.366,75,25,0,2,0,-302.46,23.211,0.359,0,0,1,7,5,R,"CVPileMaki",175.2,94,0.397,3,65,W,Y,3119.359,209,130,54,77,65,137,127,-30,48.111,0.49,0,0.455,220.119,-242.243,200.836,0.054,-37.134,0,"SFIDA",-0.027,-17.507,0,"甲斐野柊太",-19.486,-44.069,0,"柴山犬吉",-16.218,-62.714,0,"Azuner",18.509,-50.427,0,"coder_",7.694,-66.917,0,"YukihiroD",30.535,-95.664,0,"눈꽃",-7.02,-105.576,0,"소솨소솨",-42.653,-91.301,0,3118.594,-1.979,-21.642,0,0,"",0,0,0,0,,,,,0,3
59,3,0,1,0,0,2,1,0,0,0,255,255,255,22,3138.411,"559：広告",R,27,69,121,4.928,4.094,0.383,2.139,1.98,3.826,-36.419,83.482,82,18,0,1,0,97.37,-133.514,-0.143,0,0,0,7,5,R,"CVPileMaki",175.2,94,0.397,0,64,W,Y,0,0,0,0,0,0,0,0,0,0,0,0,0,0,0,0,-0.867,-39.088,0,"SFIDA",1.783,-15.264,0,"甲斐野柊太",-22.275,-46.484,0,"柴山犬吉",-16.587,-62.91,0,"Azuner",18.8,-50.477,0,"coder_",7.192,-66.324,0,"YukihiroD",28.578,-95.484,0,"눈꽃",-5.468,-106.009,0,"소솨소솨",-41.19,-91.022,0,0,0,0,0,0,"",0,0,0,0,3139.135,,,,0,0
60,3,0,1,0,1,2,1,0,0,0,255,255,255,23,3158.168,"559：広告",R,27,87,140,-0.132,0.535,0.167,1.787,-0.153,1.77,-36.419,33.703,83,17,0,0,0,67.824,-148.319,4.168,0,0,1,7,5,R,"CVPileMaki",175.2,94,0.397,0,64,W,Y,0,0,0,0,0,0,0,0,0,0,0,0,0,0,0,0,-1.237,-36.63,0,"SFIDA",0.036,-17.415,0,"甲斐野柊太",-19.78,-44.697,0,"柴山犬吉",-16.586,-62.842,0,"Azuner",18.76,-50.486,0,"coder_",4.402,-68.803,0,"YukihiroD",28.519,-95.547,0,"눈꽃",-4.94,-104.268,0,"소솨소솨",-38.417,-90.139,0,0,0,0,0,0,"",0,0,0,0,3158.825,,,,0,0
61,3,0,1,0,0,0,2,0,0,0,255,255,255,24,3183.685,"559：広告",R,27,86,139,-2.868,0.721,-0.08,1.824,-1.303,1.894,-36.419,20.649,84,16,0,1,0,47.834,-148.656,12.75,0,0,0,8,8,R,"SUGUN",179.9,82.092,0.496,0,64,W,Y,0,0,0,0,0,0,0,0,0,0,0,0,0,0,0,0,0.023,-37.503,0,"SFIDA",0.003,-17.499,0,"甲斐野柊太",-25.915,-49.638,0,"柴山犬吉",-15.633,-63.226,0,"Azuner",18.482,-51.52,0,"coder_",5.398,-69.925,0,"YukihiroD",26.241,-97.098,0,"눈꽃",-5.307,-112.027,0,"소솨소솨",-43.601,-96.654,0,0,0,0,0,0,"",0,0,0,0,3184.179,,,,0,0
62,3,0,1,0,1,0,2,0,0,0,255,255,255,25,3198.644,"559：広告",R,3,72,113,2.232,0.266,0.485,1.828,1.661,2.043,-36.419,68.336,77,23,0,1,0,-403.831,216.097,2.666,0,0,0,8,8,R,"SUGUN",179.9,82.092,0.496,0,64,W,Y,0,0,0,0,0,0,0,0,0,0,0,0,0,0,0,0,-0.041,-37.705,0,"SFIDA",0.07,-17.613,0,"甲斐野柊太",-19.186,-44.202,0,"柴山犬吉",-15.753,-63.228,0,"Azuner",18.485,-51.478,0,"coder_",6.104,-68.098,0,"YukihiroD",28.185,-94.812,0,"눈꽃",-5.337,-112.035,0,"소솨소솨",-43.513,-96.645,0,0,0,0,0,0,"",0,0,0,0,3199.354,,,,0,0
63,3,0,1,0,2,0,2,0,0,0,255,255,255,26,3217.141,"559：広告",R,28,92,140,-1.493,-0.59,0.05,1.618,-0.699,1.188,-36.419,17.279,91,9,0,1,0,35.362,-69.723,2.749,0,0,0,8,8,R,"SUGUN",179.9,82.092,0.496,0,61,W,Y,0,0,0,0,0,0,0,0,0,0,0,0,0,0,0,0,-0.026,-37.555,0,"SFIDA",0.026,-17.663,0,"甲斐野柊太",-19.677,-44.406,0,"柴山犬吉",-15.787,-63.156,0,"Azuner",18.477,-51.503,0,"coder_",4.637,-70.27,0,"YukihiroD",28.237,-94.885,0,"눈꽃",-5.904,-111.066,0,"소솨소솨",-43.566,-96.583,0,0,0,0,0,0,"",0,0,0,0,3217.673,,,,0,0
64,3,0,1,0,3,0,2,0,0,0,255,255,255,27,3235.424,"559：広告",R,13,89,127,-3.551,-1.319,-0.055,1.636,-1.184,1.251,-36.419,13.821,88,12,0,1,0,-239.744,393.596,14.965,0,0,0,8,8,R,"SUGUN",179.9,82.092,0.496,0,61,W,Y,0,0,0,0,0,0,0,0,0,0,0,0,0,0,0,0,0.242,-37.091,0,"SFIDA",-0.042,-17.449,0,"甲斐野柊太",-20.081,-41.819,0,"柴山犬吉",-15.755,-63.184,0,"Azuner",18.32,-51.49,0,"coder_",7.508,-70.223,0,"YukihiroD",28.238,-94.876,0,"눈꽃",-7.709,-109.74,0,"소솨소솨",-43.65,-96.632,0,0,0,0,0,0,"",0,0,0,0,3236.071,,,,0,5
65,3,0,1,0,0,0,2,1,0,0,18,255,255,28,3258.226,"559：広告",R,13,72,111,0.117,-0.379,0.346,1.845,0.673,1.873,-36.419,60.488,91,9,0,2,0,-353.785,353.322,-1.959,0,0,1,0,3,R,"Yaksok~",173.3,80,0.332,3,64,W,Y,3259.242,233,157,62,127,105,138,126,19.815,46.21,0.49,0,0.154,71.897,-255.323,-64.296,0.191,-36.826,0,"SFIDA",0.045,-17.626,0,"甲斐野柊太",-17.231,-43.687,0,"柴山犬吉",-16.681,-62.678,0,"Azuner",24.459,-52.291,0,"coder_",9.528,-68.486,82,"YukihiroD",35.591,-97.943,0,"눈꽃",-5.275,-107.916,0,"소솨소솨",-43.3,-94.888,97,3262.298,-69.87,-94.339,3263.864,8,"소솨소솨",-65.353,-93.269,1,0,,3263.632,3269.078,,9,2
66,3,0,1,0,0,0,2,1,0,1,13,255,18,29,3292.769,"559：広告",R,27,79,129,2.302,0.429,0.335,1.817,0.817,1.758,-36.419,62.108,79,21,0,1,0,119.672,-122.795,-1.831,0,0,0,1,2,L,"Kr_Luna",190,95.256,0.504,0,64,W,Y,0,0,0,0,0,0,0,0,0,0,0,0,0,0,0,0,-0.236,-37.275,120,"SFIDA",-0.193,-17.673,0,"甲斐野柊太",-18.984,-40.974,0,"柴山犬吉",-5.758,-63.135,0,"Azuner",22.844,-47.223,0,"coder_",11.148,-63.969,0,"YukihiroD",50.631,-102.321,0,"눈꽃",4.344,-109.072,0,"소솨소솨",-40.68,-93.464,0,0,0,0,0,0,"",0,0,0,0,3293.106,,3294.976,,0,0
67,3,0,1,0,1,0,2,1,0,1,13,255,18,30,3353.584,"559：広告",R,13,74,113,-0.485,-1.266,0.299,1.706,0.352,1.28,-36.419,46.837,90,10,0,2,0,-327.407,377.895,0.681,0,0,1,1,2,L,"Kr_Luna",190,95.256,0.504,3,83,W,Y,3354.445,134,103,126,106,54,141,124,-25.492,23.603,0.73,0,0.132,-199.664,182.889,-3.617,-0.031,-36.972,0,"SFIDA",-0.013,-18.288,0,"甲斐野柊太",-16.338,-43.193,85,"柴山犬吉",-7.912,-62.42,0,"Azuner",24.704,-50.31,0,"coder_",13.083,-64.545,0,"YukihiroD",49.251,-108.813,0,"눈꽃",4.622,-104.56,0,"소솨소솨",-40.851,-94.088,108,3353.641,-0.543,-21.68,3357.056,8,"소솨소솨",-29.363,-89.573,1,0,,3358.941,,3359.575,12,2
68,3,0,1,1,0,0,2,1,1,0,12,13,255,31,3386.906,"559：広告",R,26,80,131,0.841,0.992,0.241,1.942,0.258,2.041,-36.419,45.163,84,16,0,2,0,70.111,-200,0.717,0,0,1,2,4,R,"Penguin_iDOL",190,80,0.255,3,63,W,Y,3388.005,255,122,90,83,51,145,91,98.754,-64.818,-0.77,0,0.415,230.966,89.167,6.782,-0.005,-37.28,0,"SFIDA",0.081,-17.313,0,"甲斐野柊太",-19.018,-45.373,0,"柴山犬吉",-16.548,-62.476,0,"Azuner",22.343,-52.31,0,"coder_",7.306,-64.572,0,"YukihiroD",34.157,-100.978,0,"눈꽃",-1.133,-110.809,0,"소솨소솨",-41.745,-93.866,0,0,0,0,0,0,"",0,0,0,0,,3391.484,,,0,3
69,3,0,1,1,0,1,2,1,1,0,12,13,255,32,3409.983,"559：広告",R,26,88,140,-0.942,1.258,0.091,1.934,-0.509,2.238,-36.419,37.076,85,15,0,1,0,71.731,-183.208,2.71,0,0,0,2,4,R,"Penguin_iDOL",190,80,0.255,0,63,W,Y,0,0,0,0,0,0,0,0,0,0,0,0,0,0,0,0,-0.093,-37.565,0,"SFIDA",-0.234,-19.054,0,"甲斐野柊太",-19.583,-42.054,0,"柴山犬吉",-16.686,-62.198,0,"Azuner",21.412,-52.116,0,"coder_",5.311,-65.501,0,"YukihiroD",34.685,-101.272,0,"눈꽃",-0.998,-108.188,0,"소솨소솨",-44.64,-95.81,0,0,0,0,0,0,"",0,0,0,0,3410.473,3412.519,,,0,0
70,3,0,1,1,1,1,2,1,1,0,12,13,255,33,3429.129,"559：広告",R,13,81,120,-0.608,-1.067,0.208,1.662,0.036,1.356,-36.419,34.407,97,3,0,2,0,-190.092,373.041,1.452,0,0,1,2,4,R,"Penguin_iDOL",190,80,0.255,3,63,W,Y,3430.229,255,151,146,88,73,145,130,-21.056,44.015,0.57,0,0.449,481.844,-32.98,269.201,-0.031,-37.313,0,"SFIDA",0.047,-17.504,0,"甲斐野柊太",-17.476,-44.146,0,"柴山犬吉",-16.632,-62.247,0,"Azuner",21.225,-51.584,0,"coder_",5.856,-64.381,0,"YukihiroD",34.686,-101.231,0,"눈꽃",-5.375,-103.36,0,"소솨소솨",-44.246,-95.345,0,3429.452,-1.465,-21.358,0,0,"",0,0,0,0,,3436.073,,,0,3
71,3,0,1,1,1,2,2,1,1,0,12,13,255,34,3452.031,"559：広告",R,26,77,128,-1.11,1.202,0.061,1.916,-0.647,2.18,-36.419,42.624,82,18,0,2,0,108.889,-188.461,-0.347,0,0,1,2,4,R,"Penguin_iDOL",190,80,0.255,3,63,W,Y,3453.182,116,53,98,62,35,137,130,25.214,36.553,0.44,0,0.141,209.509,492.314,-271.539,-0.133,-37.6,0,"SFIDA",0.038,-17.455,0,"甲斐野柊太",-17.183,-43.904,0,"柴山犬吉",-16.447,-62.65,0,"Azuner",21.251,-52.003,0,"coder_",5.74,-65.198,0,"YukihiroD",31.426,-99.359,0,"눈꽃",-9.146,-108.908,0,"소솨소솨",-45.547,-95.214,0,3457.435,-81.009,-107.012,0,0,"",0,0,0,0,,3457.731,3457.624,3462.712,0,4
72,3,0,1,4,0,0,2,0,0,0,255,255,255,35,3548.082,"559：広告",R,13,87,126,-0.606,-1.296,0.092,1.512,-0.503,0.868,-36.419,20.352,47,53,0,2,0,-275.603,400,10.426,0,0,1,3,9,R,"가앤슬_",190,87,0.2,3,62,W,Y,3549.242,255,34,214,69,66,145,106,30.618,-46.983,-0.04,0,0.704,-112.497,151.998,-110.873,0.071,-37.606,0,"SFIDA",0.056,-17.243,0,"甲斐野柊太",-19.856,-43.324,0,"柴山犬吉",-17.16,-62.173,0,"Azuner",20.991,-51.726,0,"coder_",8.883,-66.412,0,"YukihiroD",33.029,-96.614,0,"눈꽃",-4.309,-113.995,0,"소솨소솨",-44.985,-98.773,0,3548.475,-0.699,-20.218,0,0,"",0,0,0,0,,,,,0,3
73,3,0,1,4,0,1,2,0,0,0,255,255,255,36,3569.139,"559：広告",R,13,78,115,2.656,0.181,0.54,1.899,1.747,2.141,-36.419,64.708,81,19,0,1,0,-355.618,351.477,0.205,0,0,0,3,9,R,"가앤슬_",190,87,0.2,0,62,W,Y,0,0,0,0,0,0,0,0,0,0,0,0,0,0,0,0,0.318,-37.589,0,"SFIDA",0.095,-17.287,0,"甲斐野柊太",-19.182,-43.923,0,"柴山犬吉",-17.376,-62.07,0,"Azuner",22.654,-52.095,0,"coder_",9.967,-65.915,0,"YukihiroD",34.898,-96.114,0,"눈꽃",-4.417,-112.133,0,"소솨소솨",-42.914,-96.703,0,0,0,0,0,0,"",0,0,0,0,3570.016,,,,0,0
74,3,0,1,4,1,1,2,0,0,0,255,255,255,37,3585.929,"559：広告",R,27,86,139,0.827,0.644,0.266,1.836,0.307,1.921,-36.419,30.103,90,10,0,0,0,33.54,-102.309,0.08,0,0,1,3,9,R,"가앤슬_",190,87,0.2,0,62,W,Y,0,0,0,0,0,0,0,0,0,0,0,0,0,0,0,0,-0.059,-38.041,0,"SFIDA",0.129,-17.272,0,"甲斐野柊太",-24.164,-49.124,0,"柴山犬吉",-17.188,-62.226,0,"Azuner",22.633,-52.053,0,"coder_",9.186,-66.257,0,"YukihiroD",34.921,-96.092,0,"눈꽃",-7.645,-111.278,0,"소솨소솨",-42.959,-96.664,0,0,0,0,0,0,"",0,0,0,0,3586.644,,,,0,0
75,3,0,1,4,1,2,2,0,0,0,255,255,255,38,3605.833,"559：広告",R,13,80,106,-0.937,-1.05,0.181,1.747,-0.015,1.493,-36.419,54.398,89,11,0,4,0,-210.088,400,-5.982,0,0,1,3,9,R,"가앤슬_",190,87,0.2,0,62,W,Y,0,0,0,0,0,0,0,0,0,0,0,0,0,0,0,0,-2.003,-36.149,0,"SFIDA",0.298,-19.085,0,"甲斐野柊太",-18.838,-41.448,0,"柴山犬吉",-17.088,-60.945,0,"Azuner",21.97,-51.301,0,"coder_",8.79,-64.854,0,"YukihiroD",34.941,-96.111,0,"눈꽃",-7.893,-112.424,0,"소솨소솨",-42.943,-96.669,0,0,0,0,0,0,"",0,0,0,8,3606.685,,,,0,0
76,4,1,1,4,0,0,0,0,0,0,255,255,255,35,3663.798,"si_ho",R,27,85,137,-0.89,0.53,0.202,1.763,-0.464,1.777,-36.372,17.825,93,7,0,2,0,51.477,-120.498,7.111,0,0,1,1,7,L,"눈꽃",170,80,0.497,3,62,W,Y,3664.799,255,125,69,81,25,143,100,110.529,51.362,0.05,0,0.279,327.812,102.215,-266.157,0.182,-37.28,0,"mungjungh",-0.155,-17.452,0,"Kr_Luna",-18.837,-49.92,0,"Yaksok~",-16.542,-65.705,0,"Penguin_iDOL",23.015,-50.915,0,"CVPileMaki",1.569,-68.113,0,"HANA_ARASHI",41.648,-108.475,0,"-KYU-",2.008,-108.215,0,"SUGUN",-47.047,-94.403,0,0,0,0,0,0,"",0,0,0,0,,,,,0,3
77,4,1,1,4,0,1,0,0,0,0,255,255,255,36,3681.019,"si_ho",R,0,68,107,1.553,-1.332,0.495,1.558,0.661,0.877,-36.372,27.118,52,48,0,1,0,0,10.936,-2.972,0,0,0,1,7,L,"눈꽃",170,80,0.497,0,83,W,Y,0,0,0,0,0,0,0,0,0,0,0,0,0,0,0,0,0.171,-37.902,0,"mungjungh",-0.11,-17.142,0,"Kr_Luna",-18.959,-50.032,0,"Yaksok~",-13.242,-67.121,0,"Penguin_iDOL",23.845,-52.208,0,"CVPileMaki",12.879,-64.513,0,"HANA_ARASHI",39.464,-98.29,0,"-KYU-",4.035,-107.375,0,"SUGUN",-41.235,-97.387,0,0,0,0,0,0,"",0,0,0,0,3681.691,,,,0,0
78,4,1,1,4,1,1,0,0,0,0,255,255,255,37,3697.994,"si_ho",R,10,61,97,2.396,0.176,0.599,1.913,1.026,2.139,-36.372,39.261,85,15,0,4,0,0,254.122,-7.098,0,0,1,1,7,L,"눈꽃",170,80,0.497,0,83,W,Y,0,0,0,0,0,0,0,0,0,0,0,0,0,0,0,0,0.109,-37.915,0,"mungjungh",-0.098,-17.146,0,"Kr_Luna",-19.391,-49.048,0,"Yaksok~",-12.475,-67.549,0,"Penguin_iDOL",23.811,-52.28,0,"CVPileMaki",13.682,-64.673,0,"HANA_ARASHI",46.385,-106.808,0,"-KYU-",2.288,-107.582,0,"SUGUN",-45.899,-101.466,0,0,0,0,0,0,"",0,0,0,0,3698.773,,,,0,0
79,4,1,1,4,1,2,0,0,0,0,255,255,255,38,3716.045,"si_ho",R,26,80,130,-1.607,0.244,0.125,1.715,-0.727,1.565,-36.372,8.079,58,42,0,2,0,15.942,-163.589,12.367,0,0,1,1,7,L,"눈꽃",170,80,0.497,3,83,W,Y,3717.005,255,135,47,74,15,135,112,-30,38.942,0.15,0,0.332,-389.255,-60.757,320.667,0.136,-37.291,0,"mungjungh",-0.231,-17.367,0,"Kr_Luna",-19.932,-48.574,79,"Yaksok~",-11.659,-65.897,0,"Penguin_iDOL",24.092,-52.023,0,"CVPileMaki",13.655,-64.543,0,"HANA_ARASHI",45.411,-107.473,0,"-KYU-",-0.03,-104.395,0,"SUGUN",-43.895,-96.627,0,3716.266,-1.558,-21.785,3717.744,2,"Kr_Luna",-19.409,-43.904,0,0,,,,,2,2
80,4,1,1,4,0,0,1,0,0,0,255,255,255,39,3741.329,"si_ho",R,3,62,94,1.335,0.959,0.68,1.948,1.428,2.359,-36.372,46.359,88,12,0,2,0,-384.004,64.028,-24.647,0,0,0,2,2,R,"甲斐野柊太",190,80,0.2,3,61,W,Y,3742.705,255,191,157,162,3,145,87,18.112,3.83,1,0,0.173,176.12,-226.508,-21.697,0.327,-37.332,0,"mungjungh",-0.051,-17.248,0,"Kr_Luna",-16.683,-44.131,61,"Yaksok~",-14.985,-63.736,0,"Penguin_iDOL",18.493,-46.243,0,"CVPileMaki",12.012,-65.123,0,"HANA_ARASHI",34.63,-97.22,0,"-KYU-",-1.237,-106.183,115,"SUGUN",-44.934,-93.357,0,3745.662,-1.695,-82.477,3746.425,7,"-KYU-",-1.629,-88.134,1,0,,,,,34,2
81,4,1,1,4,0,0,1,1,0,0,2,255,255,40,3773.984,"si_ho",R,13,70,98,-0.425,0.494,0.662,1.983,1.089,2.375,-36.372,49.833,83,17,0,2,0,-327.143,339.358,-4.083,0,0,1,3,8,R,"소솨소솨",185.8,80,0.498,3,61,W,Y,3775.196,255,92,106,70,13,145,112,10.365,28.298,0.1,0,0.56,30.88,592.982,-15.144,0.289,-37.623,0,"mungjungh",-0.139,-17.37,0,"Kr_Luna",-17.257,-44.273,72,"Yaksok~",-12.016,-61.753,0,"Penguin_iDOL",20.173,-52.814,0,"CVPileMaki",6.522,-63.676,0,"HANA_ARASHI",44.545,-106.126,0,"-KYU-",-0.188,-104.715,0,"SUGUN",-49.004,-94.738,106,3776.889,-34.763,-73.522,3777.887,8,"SUGUN",-42.135,-82.938,1,8,,3778.7,,,258,2
82,4,1,1,4,0,0,1,1,1,0,8,2,255,41,3822.26,"si_ho",R,13,72,100,1.465,-0.744,0.633,1.81,1.117,1.785,-36.372,43.414,89,11,0,0,0,-244.181,400,-8.955,0,0,0,4,9,R,"레이나2",179.7,80.118,0.403,0,61,W,Y,0,0,0,0,0,0,0,0,0,0,0,0,0,0,0,0,0.095,-38.036,119,"mungjungh",-0.044,-17.885,0,"Kr_Luna",-19.383,-42.448,0,"Yaksok~",-11.053,-60.05,0,"Penguin_iDOL",21.839,-45.663,0,"CVPileMaki",13.588,-64.427,0,"HANA_ARASHI",35.739,-97.814,0,"-KYU-",5.31,-100.724,0,"SUGUN",-40.959,-98.411,0,0,0,0,0,0,"",0,0,0,0,3823.077,3824.97,,,0,0
83,4,1,1,4,0,1,1,1,1,0,8,2,255,42,3856.686,"si_ho",R,27,76,127,0.085,-0.244,0.241,1.647,0.037,1.323,-36.372,9.734,60,40,0,0,0,-5.337,-132.509,15.577,0,0,0,4,9,R,"레이나2",179.7,80.118,0.403,0,61,W,Y,0,0,0,0,0,0,0,0,0,0,0,0,0,0,0,0,0.24,-37.634,0,"mungjungh",0.05,-16.962,0,"Kr_Luna",-19.754,-43.077,0,"Yaksok~",-8.13,-60.875,0,"Penguin_iDOL",21.605,-47.87,0,"CVPileMaki",13.738,-64.554,0,"HANA_ARASHI",40.282,-105.438,0,"-KYU-",1.553,-101.665,0,"SUGUN",-41.659,-92.91,0,0,0,0,0,0,"",0,0,0,0,3857.312,3859.28,,,0,0
84,4,1,1,4,0,2,1,1,1,0,8,2,255,43,3873.346,"si_ho",R,10,74,104,0.867,-0.339,0.423,1.826,0.364,1.967,-36.372,32.064,88,12,0,2,0,0.517,383.788,9.993,0,0,1,4,9,R,"레이나2",179.7,80.118,0.403,3,61,W,Y,3874.582,230,95,109,90,29,145,127,-30,12.543,0.31,0,0.118,443.419,288.254,-12.124,0.192,-37.711,0,"mungjungh",0.076,-17.244,0,"Kr_Luna",-18.789,-46.263,71,"Yaksok~",-8.485,-61.192,106,"Penguin_iDOL",21.829,-49.183,0,"CVPileMaki",13.704,-64.465,0,"HANA_ARASHI",40.608,-100.408,0,"-KYU-",2.648,-101.735,0,"SUGUN",-42.584,-93.451,0,3873.823,-0.088,-22.127,3875.417,3,"Yaksok~",-7.538,-55.367,1,8,,3881.482,3879.807,,3,2
85,4,1,1,4,0,0,2,1,0,1,9,255,2,44,3938.87,"si_ho",R,27,82,133,0.653,1.002,0.322,1.813,0.235,2.049,-36.372,26.806,92,8,0,2,0,27.843,-129.174,2.353,0,0,1,5,6,R,"YukihiroD",174.3,80,0.4,3,60,W,Y,3939.97,126,74,55,28,9,123,121,2.697,37.48,0.6,0,0.553,-198.959,468.935,-308.596,0.218,-37.473,0,"mungjungh",0.028,-17.421,0,"Kr_Luna",-19.078,-46.22,92,"Yaksok~",-17.111,-66.038,0,"Penguin_iDOL",19.952,-47.261,0,"CVPileMaki",2.304,-67.924,0,"HANA_ARASHI",36.16,-99.737,0,"-KYU-",0.158,-98.797,0,"SUGUN",-45.169,-92.937,0,3940.289,-21.949,-46.05,3940.45,2,"Kr_Luna",-18.596,-42.199,0,0,,,,,2,1
86,4,0,1,4,0,0,0,0,0,0,255,255,255,39,3992.44,"559：広告",R,26,76,127,3.863,1.261,0.494,1.956,1.546,2.246,-36.419,63.606,85,15,0,1,0,81.426,-156.143,0.666,0,0,0,4,6,R,"HANA_ARASHI",190,90,0.25,0,48,W,Y,0,0,0,0,0,0,0,0,0,0,0,0,0,0,0,0,0.527,-37.106,0,"SFIDA",0.16,-17.261,0,"甲斐野柊太",-23.99,-47.812,0,"柴山犬吉",-16.239,-62.934,0,"Azuner",21.453,-51.923,0,"coder_",9.143,-66.644,0,"YukihiroD",34.176,-96.672,0,"눈꽃",-6.949,-106.88,0,"소솨소솨",-43.022,-93.782,0,0,0,0,0,0,"",0,0,0,0,3993.075,,,,0,0
87,4,0,1,4,1,0,0,0,0,0,255,255,255,40,4016.632,"559：広告",R,10,81,121,1.553,0.052,0.383,1.93,0.831,2.068,-36.419,51.87,76,24,0,1,0,-103.968,391.799,4,0,0,0,4,6,R,"HANA_ARASHI",190,90,0.25,0,48,W,Y,0,0,0,0,0,0,0,0,0,0,0,0,0,0,0,0,0.075,-37.528,0,"SFIDA",0.086,-17.425,0,"甲斐野柊太",-19.007,-42.671,0,"柴山犬吉",-16.907,-62.106,0,"Azuner",21.591,-51.992,0,"coder_",9.137,-68.576,0,"YukihiroD",32.153,-91.071,0,"눈꽃",-6.401,-108.796,0,"소솨소솨",-44.022,-94.516,0,0,0,0,0,0,"",0,0,0,0,4017.325,,,,0,0
88,4,0,1,4,2,0,0,0,0,0,255,255,255,41,4033.592,"559：広告",R,13,88,126,-3.074,-2.137,0.025,1.441,-0.816,0.641,-36.419,18.404,47,53,0,1,0,-348.708,358.334,28.956,-0.644,-19.446,0,4,6,R,"HANA_ARASHI",190,90,0.25,0,48,W,Y,0,0,0,0,0,0,0,0,0,0,0,0,0,0,0,0,-0.028,-37.183,0,"SFIDA",0.081,-17.389,0,"甲斐野柊太",-18.856,-43.278,0,"柴山犬吉",-16.779,-62.566,0,"Azuner",21.539,-51.975,0,"coder_",9.488,-69.325,0,"YukihiroD",32.183,-91.04,0,"눈꽃",-7.146,-108.913,0,"소솨소솨",-43.983,-94.561,0,0,0,0,0,0,"",0,0,0,0,4034.246,,,,0,0
89,4,0,1,4,3,0,0,0,0,0,255,255,255,42,4048.61,"559：広告",R,26,85,138,-0.174,-0.204,0.161,1.656,-0.183,1.337,-36.419,30.942,92,8,0,0,0,75.415,-164.544,1.559,0,0,0,4,6,R,"HANA_ARASHI",190,90,0.25,0,48,W,Y,0,0,0,0,0,0,0,0,0,0,0,0,0,0,0,0,-0.014,-37.898,0,"SFIDA",0.059,-17.388,0,"甲斐野柊太",-18.95,-43.166,0,"柴山犬吉",-16.828,-62.579,0,"Azuner",21.629,-52.047,0,"coder_",6.158,-70.572,0,"YukihiroD",31.966,-91.142,0,"눈꽃",-7.125,-108.945,0,"소솨소솨",-44.774,-95.843,0,0,0,0,0,0,"",0,0,0,0,4049.164,,,,0,0
90,4,0,1,4,3,1,0,0,0,0,255,255,255,43,4066.833,"559：広告",R,26,84,136,192.5,0.959,0.216,1.637,0.073,1.274,-36.419,34.542,94,6,0,2,0,61.248,-152.642,0.035,0,0,1,4,6,R,"HANA_ARASHI",190,90,0.25,3,48,W,Y,4067.874,182,78,126,56,21,145,104,-21.715,29.235,-0.15,0,0.668,-213.505,553.907,-63.525,0.175,-37.448,0,"SFIDA",0.074,-17.472,0,"甲斐野柊太",-18.426,-43.573,0,"柴山犬吉",-16.773,-62.54,97,"Azuner",21.487,-51.992,0,"coder_",8.524,-69.073,0,"YukihiroD",32.161,-91.001,0,"눈꽃",-5.996,-111.317,0,"소솨소솨",-43.359,-93.933,0,4067.079,-1.083,-21.775,4069.15,3,"柴山犬吉",-16.236,-55.38,0,0,,,,,260,2
91,4,0,1,4,0,0,1,0,0,0,255,255,255,44,4164.365,"559：広告",R,26,87,140,1.12,0.736,0.282,1.821,0.381,1.888,-36.419,38.676,85,15,0,2,0,73.817,-151.041,1.863,0,0,1,5,7,R,"-KYU-",176.1,83,0.433,3,52,W,Y,4165.446,208,91,76,90,48,145,127,26.779,45.196,0.6,0,0.597,167.845,370.272,-88.176,0.011,-36.956,0,"SFIDA",0.074,-17.402,0,"甲斐野柊太",-25.43,-50.047,0,"柴山犬吉",-16.462,-62.665,0,"Azuner",18.881,-50.749,0,"coder_",9.293,-66.727,0,"YukihiroD",31.705,-94.788,0,"눈꽃",-6.481,-110.975,0,"소솨소솨",-43.308,-96.978,0,4169.504,-87.252,-92.921,0,0,"",0,0,0,0,,,,,0,3
92,4,0,1,4,0,1,1,0,0,0,255,255,255,45,4186.161,"559：広告",R,13,95,126,-5.132,-1.992,-0.193,1.538,-1.829,0.899,-36.419,9.117,43,57,0,2,0,-262.225,400,7.232,0,0,1,5,7,R,"-KYU-",176.1,83,0.433,3,52,W,Y,4187.237,255,109,106,75,116,145,109,-11.293,30.626,0.91,0,0.547,-106.894,285.075,307.734,-0.365,-36.892,0,"SFIDA",-0.49,-17.202,0,"甲斐野柊太",-18.759,-41.947,0,"柴山犬吉",-16.682,-62.571,89,"Azuner",18.931,-50.732,0,"coder_",8.653,-66.919,0,"YukihiroD",32.074,-97.964,0,"눈꽃",-5.784,-114.207,0,"소솨소솨",-50.131,-102.433,0,4186.493,-1.737,-22.042,4188.56,3,"柴山犬吉",-24.76,-59.878,0,0,,,,,260,2
93,4,0,1,4,0,0,2,0,0,0,255,255,255,46,4212.956,"559：広告",R,13,76,114,0.999,-1.202,0.441,1.733,0.95,1.334,-36.419,44.15,89,11,0,2,0,-305.893,395.512,-0.481,0,0,1,6,1,R,"mungjungh",190,85.921,0.299,3,60,W,Y,4213.984,255,195,103,102,47,145,100,12.699,2.871,0.94,0,0.627,76.182,-83.717,370.75,0.164,-37.454,0,"SFIDA",0.198,-17.479,0,"甲斐野柊太",-19.185,-43.696,0,"柴山犬吉",-16.516,-62.65,0,"Azuner",21.07,-52.604,0,"coder_",9.15,-69.296,84,"YukihiroD",34.161,-95.485,0,"눈꽃",1.212,-110.506,107,"소솨소솨",-46.101,-98.232,0,4216.01,-2.591,-83.52,4217.473,9,"가앤슬_",-2.972,-97.457,1,0,,,,,3,2
94,4,0,1,4,0,0,2,1,0,0,11,255,255,47,4263.33,"559：広告",R,13,83,123,-4.236,-1.848,-0.14,1.568,-1.583,1.001,-36.419,20.098,46,54,0,4,0,-164.065,400,9.009,-0.888,-18.533,1,7,5,R,"CVPileMaki",175.2,94,0.397,0,59,W,Y,0,0,0,0,0,0,0,0,0,0,0,0,0,0,0,0,-0.153,-37.622,0,"SFIDA",-1.055,-17.308,0,"甲斐野柊太",-18.202,-41.539,0,"柴山犬吉",-16.459,-62.429,0,"Azuner",20.042,-50.791,0,"coder_",5.124,-66.569,0,"YukihiroD",31.862,-96.772,0,"눈꽃",-5.598,-108.108,0,"소솨소솨",-41.121,-92.813,0,0,0,0,0,0,"",0,0,0,0,4264.006,,,,0,0
95,4,0,1,4,0,1,2,1,0,0,11,255,255,48,4282.608,"559：広告",R,10,75,116,-0.138,-1.448,0.218,1.637,0.083,1.242,-36.419,49.367,92,8,0,2,0,-88.872,374.79,-2.736,0,0,1,7,5,R,"CVPileMaki",175.2,94,0.397,3,59,W,Y,4283.77,125,118,63,75,62,137,37,-11.583,38.906,0.1,0,0.351,215.321,-93.67,22.245,-0.159,-37.058,0,"SFIDA",0.099,-17.633,0,"甲斐野柊太",-15.956,-42.097,88,"柴山犬吉",-16.438,-62.459,0,"Azuner",18.886,-51.901,0,"coder_",6.078,-65.982,0,"YukihiroD",31.699,-96.807,0,"눈꽃",-5.662,-109.394,0,"소솨소솨",-41.056,-92.861,0,4283.162,-0.857,-20.289,4288.121,2,"甲斐野柊太",-15.323,-35.232,0,128,,4288.688,,,4,2
96,4,0,1,4,0,2,2,1,0,0,11,255,255,49,4323.351,"559：広告",R,13,80,117,-2.954,-1.568,0.048,1.611,-0.708,1.151,-36.419,43.78,87,13,0,4,0,-347.257,359.739,-5.009,0,0,1,7,5,R,"CVPileMaki",175.2,94,0.397,0,59,W,Y,0,0,0,0,0,0,0,0,0,0,0,0,0,0,0,0,-2.617,-35.326,0,"SFIDA",0.597,-18.913,0,"甲斐野柊太",-18.657,-40.052,0,"柴山犬吉",-17.603,-60.668,0,"Azuner",18.814,-51.563,0,"coder_",3.518,-68.819,0,"YukihiroD",27.894,-94.291,0,"눈꽃",-8.12,-112.644,0,"소솨소솨",-41.589,-91.238,0,0,0,0,0,0,"",0,0,0,128,4324.027,,,,0,0
97,5,1,1,4,0,0,0,0,0,0,255,255,255,45,4374.931,"si_ho",R,27,79,129,0.65,1.316,0.326,1.873,0.145,2.298,-36.372,39.013,87,13,0,1,0,87.524,-143.316,2.922,0,0,0,6,4,L,"Azuner",190,80,0.297,0,59,W,Y,0,0,0,0,0,0,0,0,0,0,0,0,0,0,0,0,0.377,-37.612,0,"mungjungh",-0.137,-17.312,0,"Kr_Luna",-19.239,-47.799,0,"Yaksok~",-10.87,-65.846,0,"Penguin_iDOL",23.139,-53.321,0,"CVPileMaki",14.476,-63.745,0,"HANA_ARASHI",45.902,-101.673,0,"-KYU-",2.21,-107.937,0,"SUGUN",-46.136,-92.809,0,0,0,0,0,0,"",0,0,0,0,4375.498,,,,0,0
98,5,1,1,4,1,0,0,0,0,0,255,255,255,46,4390.572,"si_ho",R,5,71,106,-1.747,-0.385,0.208,1.616,-0.49,1.479,-36.372,16.66,57,43,0,1,0,-147.606,73.648,-12.353,0,0,0,6,4,L,"Azuner",190,80,0.297,0,59,W,Y,0,0,0,0,0,0,0,0,0,0,0,0,0,0,0,0,0.136,-37.744,0,"mungjungh",-0.099,-17.251,0,"Kr_Luna",-19.486,-47.68,0,"Yaksok~",-11.531,-65.828,0,"Penguin_iDOL",23.381,-52.946,0,"CVPileMaki",13.621,-63.822,0,"HANA_ARASHI",42.492,-98.925,0,"-KYU-",1.157,-108.066,0,"SUGUN",-46.003,-92.648,0,0,0,0,0,0,"",0,0,0,0,4391.291,,,,0,0
99,5,1,1,4,2,0,0,0,0,0,255,255,255,47,4404.488,"si_ho",R,26,84,137,-0.77,0.017,0.189,1.692,-0.362,1.487,-36.372,14.368,52,48,0,2,0,14.797,-150.035,9.913,0,0,1,6,4,L,"Azuner",190,80,0.297,3,59,W,Y,4405.54,234,100,87,82,46,145,111,28.033,-36.146,0.08,0,0.426,-124.157,-523.241,-146.524,0.21,-37.2,0,"mungjungh",-0.119,-17.361,0,"Kr_Luna",-18.878,-48.709,0,"Yaksok~",-10.226,-66.358,0,"Penguin_iDOL",23.387,-53.089,73,"CVPileMaki",14.04,-64.375,0,"HANA_ARASHI",42.334,-99.365,96,"-KYU-",3.477,-107.796,0,"SUGUN",-46.906,-94.758,0,4409.312,65.347,-89.697,4411.656,6,"HANA_ARASHI",67.904,-91.852,1,0,,4415.73,,,20,2
100,5,1,1,4,0,0,0,0,1,0,255,4,255,48,4447.545,"si_ho",R,10,66,98,2.247,-0.927,0.557,1.675,0.962,1.599,-36.372,38.932,0,100,0,1,0,0,371.087,1.362,0,0,0,7,1,L,"SFIDA",189.1,80,0.2,0,59,W,Y,0,0,0,0,0,0,0,0,0,0,0,0,0,0,0,0,0.431,-37.676,0,"mungjungh",-0.078,-17.223,0,"Kr_Luna",-18.544,-47.364,0,"Yaksok~",-4.062,-60.249,0,"Penguin_iDOL",21.408,-47.157,0,"CVPileMaki",16.094,-61.06,0,"HANA_ARASHI",49.387,-109.243,0,"-KYU-",3.854,-105.589,0,"SUGUN",-47.206,-94.137,0,0,0,0,0,0,"",0,0,0,0,4448.202,4450.118,,,0,0
101,5,1,1,4,1,0,0,0,1,0,255,4,255,49,4467.616,"si_ho",R,6,59,94,1.648,-0.258,0.322,1.634,0.096,1.473,-36.372,22.554,9,91,0,1,0,277.909,0,15.76,0,0,0,7,1,L,"SFIDA",189.1,80,0.2,0,59,W,Y,0,0,0,0,0,0,0,0,0,0,0,0,0,0,0,0,0.213,-37.889,0,"mungjungh",0.062,-17.498,0,"Kr_Luna",-19.992,-46.363,0,"Yaksok~",-4.353,-61.352,0,"Penguin_iDOL",21.544,-46.662,0,"CVPileMaki",15.748,-62.543,0,"HANA_ARASHI",49.812,-106.165,0,"-KYU-",-2.71,-105.469,0,"SUGUN",-47.186,-94.165,0,0,0,0,0,0,"",0,0,0,0,4468.285,4470.307,,,0,0
102,5,1,1,4,2,0,0,0,1,0,255,4,255,50,4483.696,"si_ho",R,26,81,132,-0.882,0.522,0.217,1.778,-0.48,1.791,-36.372,18.897,93,7,0,0,0,62.549,-156.045,7.265,0,0,0,7,1,L,"SFIDA",189.1,80,0.2,0,59,W,Y,0,0,0,0,0,0,0,0,0,0,0,0,0,0,0,0,0.319,-37.687,0,"mungjungh",-0.001,-17.305,0,"Kr_Luna",-19.564,-47.332,0,"Yaksok~",-2.681,-60.492,0,"Penguin_iDOL",21.963,-46.519,0,"CVPileMaki",15.662,-62.843,0,"HANA_ARASHI",52.274,-108.743,0,"-KYU-",2.244,-105.648,0,"SUGUN",-43.927,-95.283,0,0,0,0,0,0,"",0,0,0,0,4484.17,4483.947,,,0,0
103,5,1,1,4,2,1,0,0,1,0,255,4,255,51,4497.496,"si_ho",R,3,66,96,-3.921,-0.879,0.234,1.634,-0.646,1.528,-36.372,15.301,51,49,0,3,0,-364.355,170.256,-16.039,0.458,-19.065,0,7,1,L,"SFIDA",189.1,80,0.2,0,59,W,Y,0,0,0,0,0,0,0,0,0,0,0,0,0,0,0,0,0.067,-37.795,0,"mungjungh",0.337,-17.794,0,"Kr_Luna",-18.83,-45.534,0,"Yaksok~",-5.505,-61.237,0,"Penguin_iDOL",21.847,-46.597,0,"CVPileMaki",9.847,-64.936,0,"HANA_ARASHI",51.176,-106.61,0,"-KYU-",1.176,-105.747,0,"SUGUN",-45.944,-94.845,0,0,0,0,0,0,"",0,0,0,0,4499.21,4501.312,,,0,6
104,5,1,1,4,0,0,0,1,1,0,1,4,255,52,4595.599,"si_ho",R,8,62,99,0.59,0.3,0.319,1.745,-0.013,1.788,-36.372,25.333,89,11,0,0,0,126.319,0,15.248,0,0,0,8,3,R,"柴山犬吉",169.9,90.243,0.6,0,58,W,Y,0,0,0,0,0,0,0,0,0,0,0,0,0,0,0,0,0.181,-37.828,0,"mungjungh",-0.005,-17.102,0,"Kr_Luna",-19.631,-44.034,0,"Yaksok~",-3.683,-61.848,0,"Penguin_iDOL",20.423,-47.908,0,"CVPileMaki",13.264,-64.135,0,"HANA_ARASHI",44.407,-85.908,0,"-KYU-",3.706,-103.047,0,"SUGUN",-45.523,-94.047,0,0,0,0,0,0,"",0,0,0,0,4596.383,4598.201,,,0,0
105,5,1,1,4,0,1,0,1,1,0,1,4,255,53,4611.773,"si_ho",R,3,55,89,1.223,1.401,0.676,1.972,1.242,2.413,-36.372,46.292,88,12,0,2,0,-313.418,0,-11.043,0,0,1,8,3,R,"柴山犬吉",169.9,90.243,0.6,3,58,W,Y,4613.03,255,123,103,77,23,145,105,35.739,27.611,0.09,0,0.248,-85.836,-445.318,107.78,0.174,-37.901,0,"mungjungh",0.01,-17.228,0,"Kr_Luna",-19.825,-47.144,0,"Yaksok~",-7.381,-61.916,0,"Penguin_iDOL",20.522,-47.558,0,"CVPileMaki",13.187,-64.452,83,"HANA_ARASHI",40.326,-92.307,0,"-KYU-",2.526,-103.789,0,"SUGUN",-39.039,-90.061,119,4617.014,-31.139,-99.5,4617.229,8,"SUGUN",-30.278,-96.4,0,0,,4618.283,,,384,1
106,5,1,1,4,0,0,1,1,1,0,1,4,255,54,4640.604,"si_ho",R,10,67,110,-0.103,-1.551,0.299,1.661,-0.053,1.343,-36.372,17.413,57,43,0,2,0,0,397.234,4.567,0,0,1,0,5,R,"coder_",164.1,80,0.283,3,58,W,Y,4641.796,255,133,178,76,52,145,110,-30,-21.058,0.85,0,0.386,-283.972,-286.121,-340.195,0.259,-37.732,0,"mungjungh",-0.08,-17.381,0,"Kr_Luna",-18.193,-47.351,62,"Yaksok~",-12.071,-61.914,0,"Penguin_iDOL",17.644,-44.219,0,"CVPileMaki",11.516,-61.318,58,"HANA_ARASHI",40.223,-94.256,0,"-KYU-",0.944,-103.82,0,"SUGUN",-39.376,-94.056,0,4641.062,0.19,-20.897,4642.981,5,"CVPileMaki",13.416,-55.172,1,0,,4647.382,4646.525,,131,2
107,5,1,1,4,0,0,2,1,1,1,5,255,4,55,4706.282,"si_ho",R,26,78,129,0.933,-0.431,0.336,1.613,0.405,1.191,-36.372,14.104,56,44,0,0,0,-6.002,-153.567,13.504,0,0,0,2,2,R,"甲斐野柊太",190,80,0.2,0,58,W,Y,0,0,0,0,0,0,0,0,0,0,0,0,0,0,0,0,0.219,-37.88,0,"mungjungh",-0.011,-17.253,0,"Kr_Luna",-19.522,-43.137,0,"Yaksok~",-14.43,-66.163,0,"Penguin_iDOL",21.941,-49.508,0,"CVPileMaki",12.631,-64.377,0,"HANA_ARASHI",36.729,-99.566,0,"-KYU-",0.332,-100.868,0,"SUGUN",-45.929,-93.344,0,0,0,0,0,0,"",0,0,0,0,4707.035,4709.433,4708.574,,0,0
108,5,1,1,4,0,1,2,1,1,1,5,255,4,56,4723.669,"si_ho",R,26,76,127,0.753,0.33,0.327,1.682,0.324,1.658,-36.372,16.132,54,46,0,0,0,-3.883,-163.67,7.327,0,0,0,2,2,R,"甲斐野柊太",190,80,0.2,0,58,W,Y,0,0,0,0,0,0,0,0,0,0,0,0,0,0,0,0,0.33,-37.923,0,"mungjungh",0.033,-16.987,0,"Kr_Luna",-20.378,-43.808,0,"Yaksok~",-13.954,-64.854,0,"Penguin_iDOL",22.248,-49.507,0,"CVPileMaki",12.993,-64.452,0,"HANA_ARASHI",37.511,-99.159,0,"-KYU-",-0.252,-101.682,0,"SUGUN",-45.784,-93.413,0,0,0,0,0,0,"",0,0,0,0,4724.36,4726.769,4726.397,,0,0
109,5,1,1,4,0,2,2,1,1,1,5,255,4,57,4744.922,"si_ho",R,10,65,96,-2.408,-1.941,0.092,1.601,-1.05,1.017,-36.372,7.594,51,49,0,1,0,0,400,15.033,-0.485,-19.257,0,2,2,R,"甲斐野柊太",190,80,0.2,0,58,W,Y,0,0,0,0,0,0,0,0,0,0,0,0,0,0,0,0,0.044,-37.966,0,"mungjungh",-0.241,-16.88,0,"Kr_Luna",-19.924,-43.327,0,"Yaksok~",-13.506,-64.731,0,"Penguin_iDOL",20.905,-48.856,0,"CVPileMaki",7.666,-64.452,0,"HANA_ARASHI",38.694,-105.708,0,"-KYU-",0.395,-101.584,0,"SUGUN",-45.428,-90.507,0,0,0,0,0,0,"",0,0,0,0,4745.829,4748.496,4747.39,,0,0
110,5,1,1,4,1,2,2,1,1,1,5,255,4,58,4765.366,"si_ho",R,26,79,129,0.986,-0.158,0.37,1.654,0.421,1.343,-36.372,18.196,58,42,0,2,0,-1.899,-174.522,6.337,0,0,1,2,2,R,"甲斐野柊太",190,80,0.2,3,58,W,Y,4766.506,255,91,100,131,39,145,130,98.386,-73.937,0.53,0,0.181,39.976,-16.963,10.419,0.284,-37.498,0,"mungjungh",-0.007,-17.304,0,"Kr_Luna",-18.915,-46.868,0,"Yaksok~",-15.491,-67.096,0,"Penguin_iDOL",21.465,-48.136,0,"CVPileMaki",13.466,-63.875,0,"HANA_ARASHI",36.775,-99.112,0,"-KYU-",-0.407,-101.92,0,"SUGUN",-48.173,-97.783,0,0,0,0,0,0,"",0,0,0,0,,4772.025,4771.259,,0,3
111,5,1,1,4,1,2,2,1,1,1,5,255,4,59,4786.919,"si_ho",R,13,72,99,-3.099,-1.598,0.234,1.58,-0.752,1.181,-36.372,17.479,55,45,0,4,0,-291.725,380.702,-7.303,-0.744,-18.454,1,2,2,R,"甲斐野柊太",190,80,0.2,0,58,W,Y,0,0,0,0,0,0,0,0,0,0,0,0,0,0,0,0,0.913,-37.56,0,"mungjungh",-0.625,-18.908,0,"Kr_Luna",-20.639,-44.079,0,"Yaksok~",-14.657,-66.008,0,"Penguin_iDOL",21.377,-47.872,0,"CVPileMaki",5.644,-63.869,0,"HANA_ARASHI",39.26,-108.633,0,"-KYU-",0.828,-104.635,0,"SUGUN",-48.866,-97.364,0,0,0,0,0,0,"",0,0,0,4,4787.793,,4789.315,,0,0
112,5,0,1,4,0,0,0,0,0,0,255,255,255,50,4856.631,"559：広告",R,26,79,129,4.322,1.762,0.484,1.986,1.629,2.494,-36.419,63.996,78,22,0,3,0,111.711,-200,-2.766,-0.038,-21.755,0,8,8,R,"SUGUN",179.9,82.092,0.496,0,60,W,Y,0,0,0,0,0,0,0,0,0,0,0,0,0,0,0,0,0.051,-36.587,0,"SFIDA",0.553,-18.282,0,"甲斐野柊太",-19.38,-44.214,0,"柴山犬吉",-16.355,-62.493,0,"Azuner",18.914,-51.152,0,"coder_",7.984,-70.458,0,"YukihiroD",29.861,-92.554,0,"눈꽃",-12.143,-107.029,0,"소솨소솨",-43.62,-97.084,0,0,0,0,0,0,"",0,0,0,0,4859.266,,,,0,6
113,5,0,1,4,0,0,0,1,0,0,18,255,255,51,4884.334,"559：広告",R,27,84,137,1.792,0.521,0.347,1.783,0.683,1.758,-36.419,33.136,89,11,0,1,0,63.47,-144.071,3.194,0,0,0,0,3,R,"Yaksok~",173.3,80,0.332,0,57,W,Y,0,0,0,0,0,0,0,0,0,0,0,0,0,0,0,0,0.038,-37.825,0,"SFIDA",-0.104,-17.396,0,"甲斐野柊太",-18.312,-40.762,0,"柴山犬吉",-13.642,-58.627,0,"Azuner",22.926,-52.104,0,"coder_",6.619,-63.843,0,"YukihiroD",36.159,-96.447,0,"눈꽃",-7.059,-104.299,0,"소솨소솨",-43.748,-88.568,0,0,0,0,0,0,"",0,0,0,0,4884.75,,,,0,0
114,5,0,1,4,0,1,0,1,0,0,18,255,255,52,4926.899,"559：広告",R,0,74,126,2.315,-0.238,0.42,1.761,0.996,1.452,-36.419,49.126,91,9,0,2,0,0,0,-1.593,0,0,1,0,3,R,"Yaksok~",173.3,80,0.332,3,56,W,Y,4927.798,223,196,112,98,30,145,107,14.82,-39.981,0.1,0,0.202,312.459,485.68,31.503,0.167,-37.172,0,"SFIDA",0.223,-17.517,0,"甲斐野柊太",-16.928,-43.114,0,"柴山犬吉",-13.158,-58.859,83,"Azuner",21.648,-51.922,0,"coder_",7.871,-64.184,0,"YukihiroD",35.855,-96.05,112,"눈꽃",-5.15,-108.241,0,"소솨소솨",-41.949,-91.128,0,4930.147,43.584,-80.981,4931.027,6,"YukihiroD",47.972,-88.292,1,0,,4932.13,,,288,2
115,5,0,1,4,0,0,0,1,1,0,13,18,255,53,4959.892,"559：広告",R,27,84,137,-1.158,-0.82,0.07,1.547,-0.604,0.983,-36.419,21.505,48,52,0,0,0,71.401,-126.974,3.515,0,0,0,1,2,L,"Kr_Luna",190,95.256,0.504,0,80,W,Y,0,0,0,0,0,0,0,0,0,0,0,0,0,0,0,0,0.01,-37.231,0,"SFIDA",-0.039,-17.418,0,"甲斐野柊太",-18.609,-41.382,0,"柴山犬吉",-7.743,-62.279,0,"Azuner",23.993,-49.473,0,"coder_",10.723,-64.229,0,"YukihiroD",53.396,-105.724,0,"눈꽃",11.15,-110.462,0,"소솨소솨",-36.042,-88.032,0,0,0,0,0,0,"",0,0,0,0,4960.218,4962.327,,,0,0
116,5,0,1,4,0,1,0,1,1,0,13,18,255,54,4979.178,"559：広告",R,27,80,131,-3.225,-0.476,0.246,1.672,0.213,1.387,-36.419,46.352,89,11,0,2,0,72.05,-117.111,-2.906,0,0,1,1,2,L,"Kr_Luna",190,95.256,0.504,3,80,W,Y,4979.978,162,116,151,83,34,145,130,9.203,5.794,0.58,0,0.143,45.18,-499.744,-92.31,0.22,-37.093,0,"SFIDA",-0.004,-17.44,0,"甲斐野柊太",-14.366,-42.352,0,"柴山犬吉",-10.45,-62.812,0,"Azuner",24.01,-49.679,0,"coder_",12.193,-63.053,77,"YukihiroD",51.348,-105.565,0,"눈꽃",9.223,-109.561,0,"소솨소솨",-34.887,-86.546,0,4982.047,-1.343,-101.326,4982.445,7,"눈꽃",-1.273,-102.593,1,0,,4984.887,4985.172,,3,2
117,5,0,1,4,0,0,0,1,1,1,12,13,18,55,5009.127,"559：広告",R,13,85,125,-2.629,-1.638,0.022,1.553,-0.826,1.004,-36.419,29.198,54,46,0,4,0,-208.589,400,1.496,0,0,1,2,4,R,"Penguin_iDOL",190,80,0.255,0,57,W,Y,0,0,0,0,0,0,0,0,0,0,0,0,0,0,0,0,-0.124,-37.531,0,"SFIDA",0.004,-17.324,0,"甲斐野柊太",-19.304,-40.575,0,"柴山犬吉",-13.19,-58.407,0,"Azuner",19.812,-46.227,0,"coder_",4.213,-61.146,0,"YukihiroD",34.183,-95.369,0,"눈꽃",-9.028,-105.521,0,"소솨소솨",-44.709,-94.787,0,0,0,0,0,0,"",0,0,0,0,5009.81,5011.715,5011.507,,0,0
118,5,0,1,4,0,1,0,1,1,1,12,13,18,57,5028.584,"559：広告",R,4,74,120,0.6,-0.404,0.286,1.723,0.589,1.399,-36.419,57.857,90,10,0,2,0,-209.019,45.76,-3.813,0,0,1,2,4,R,"Penguin_iDOL",190,80,0.255,3,57,W,Y,5029.668,251,229,164,111,78,145,98,93.056,-85.197,-0.44,0,0.431,144.268,-237.223,86.186,-0.105,-37.168,0,"SFIDA",0.006,-17.295,0,"甲斐野柊太",-15.96,-41.7,0,"柴山犬吉",-13.011,-58.647,0,"Azuner",20.024,-49.407,0,"coder_",7.618,-61.269,0,"YukihiroD",34.157,-95.412,0,"눈꽃",-9.167,-105.33,0,"소솨소솨",-42.441,-92.451,0,0,0,0,0,0,"",0,0,0,0,,5031.71,5031.857,,0,3
119,5,0,1,4,0,2,0,1,1,1,12,13,18,57,5050.486,"559：広告",R,11,77,121,-6.96,0.158,0.08,1.661,-0.559,1.353,-36.419,44.049,94,6,0,2,0,-50.908,249.96,-2.837,0,0,1,2,4,R,"Penguin_iDOL",190,80,0.255,3,57,W,Y,5051.656,230,90,82,100,62,145,127,25.182,7.922,0.71,0,0.397,62.047,223.192,-41.987,-0.446,-37.313,0,"SFIDA",-0.617,-17.294,0,"甲斐野柊太",-16.494,-40.681,0,"柴山犬吉",-13.349,-59.356,87,"Azuner",19.313,-49.577,0,"coder_",7.145,-60.943,0,"YukihiroD",33.647,-97.251,0,"눈꽃",-8.942,-104.11,97,"소솨소솨",-47.61,-92.546,0,5055.839,-21.367,-130.556,5058.05,9,"가앤슬_",-17.054,-129.136,1,0,5067.004,5054.142,5053.705,5061.958,390,2
120,5,0,1,6,0,0,0,1,0,1,14,255,12,0,5331.075,"あいくんだよー『아이 군』",R,26,66,119,2.563,2.21,0.406,2.187,0.942,2.835,-36.473,74.897,89,11,0,1,0,98.851,-150.791,-11.125,0,0,0,3,9,R,"가앤슬_",190,87,0.2,0,56,W,Y,0,0,0,0,0,0,0,0,0,0,0,0,0,0,0,0,-0.025,-37.723,0,"SFIDA",-0.039,-17.232,0,"甲斐野柊太",-20.748,-42.176,0,"柴山犬吉",-13.891,-59.161,0,"Azuner",20.184,-49.648,0,"coder_",3.977,-64.287,0,"YukihiroD",34.012,-93.647,0,"눈꽃",-6.639,-107.871,0,"소솨소솨",-43.923,-96.105,0,0,0,0,0,0,"",0,0,0,0,5331.748,,5333.518,,0,0
121,5,0,1,6,1,0,0,1,0,1,14,255,12,1,5347.745,"あいくんだよー『아이 군』",R,28,82,134,-0.996,-0.462,0.307,1.688,-0.508,1.252,-36.473,34.74,49,51,0,0,0,45.558,-66.664,-2.381,0,0,1,3,9,R,"가앤슬_",190,87,0.2,0,56,W,Y,0,0,0,0,0,0,0,0,0,0,0,0,0,0,0,0,-0.065,-37.663,0,"SFIDA",0.026,-17.334,0,"甲斐野柊太",-19.577,-41.71,0,"柴山犬吉",-14.029,-59.017,0,"Azuner",20.5,-48.283,0,"coder_",3.299,-65.407,0,"YukihiroD",34.011,-93.646,0,"눈꽃",-8.247,-105.428,0,"소솨소솨",-41.88,-94.677,0,0,0,0,0,0,"",0,0,0,0,5348.377,,5350.641,,0,0
122,5,0,1,6,1,1,0,1,0,1,14,255,12,2,5364.222,"あいくんだよー『아이 군』",R,6,60,105,1.575,0.804,-0.114,2.103,-0.079,2.312,-36.473,35.959,100,0,0,2,0,397.637,143.431,0.637,0,0,1,3,9,R,"가앤슬_",190,87,0.2,3,56,W,Y,5365.568,143,12,118,71,38,145,90,104.209,49.877,-0.84,0,0.491,172.453,111.613,-147.197,-0.032,-37.373,0,"SFIDA",0.118,-17.407,0,"甲斐野柊太",-16.526,-42.729,0,"柴山犬吉",-13.792,-59.12,0,"Azuner",18.772,-51.12,0,"coder_",7.059,-63.447,0,"YukihiroD",33.147,-93.848,0,"눈꽃",-8.578,-105.211,0,"소솨소솨",-45.716,-96.027,0,0,0,0,0,0,"",0,0,0,0,,,5367.647,,0,3
123,5,0,1,6,1,2,0,1,0,1,14,255,12,3,5383.185,"あいくんだよー『아이 군』",R,10,70,112,0.734,-0.8,0.343,1.907,0.31,1.602,-36.473,54.925,100,0,0,0,0,0,400,-10.738,0,0,0,3,9,R,"가앤슬_",190,87,0.2,0,56,W,Y,0,0,0,0,0,0,0,0,0,0,0,0,0,0,0,0,-0.065,-37.478,0,"SFIDA",0.098,-17.361,0,"甲斐野柊太",-18.47,-39.932,0,"柴山犬吉",-12.741,-59.372,0,"Azuner",19.975,-49.073,0,"coder_",2.813,-63.036,0,"YukihiroD",33.886,-91.729,0,"눈꽃",1.485,-111.083,0,"소솨소솨",-42.351,-92.852,0,0,0,0,0,0,"",0,0,0,0,5383.998,,5385.805,,0,0
124,5,0,1,6,0,0,1,1,0,1,14,255,12,4,5405.912,"あいくんだよー『아이 군』",R,3,66,109,-2.307,-0.012,-0.116,1.541,-0.228,1.618,-36.473,3.024,34,66,0,1,0,-419.384,0,-1.189,0,0,0,4,6,R,"HANA_ARASHI",190,90,0.25,0,56,W,Y,0,0,0,0,0,0,0,0,0,0,0,0,0,0,0,0,-0.043,-37.381,0,"SFIDA",0.024,-17.364,0,"甲斐野柊太",-17.8,-40.577,0,"柴山犬吉",-14.189,-59.468,0,"Azuner",20.118,-49.207,0,"coder_",4.022,-63.22,0,"YukihiroD",33.462,-94.285,0,"눈꽃",-9.171,-111.328,0,"소솨소솨",-43.207,-94.23,0,0,0,0,0,0,"",0,0,0,0,5406.522,,5408.509,,0,0
125,5,0,1,6,1,0,1,1,0,1,14,255,12,5,5422.888,"あいくんだよー『아이 군』",R,33,79,129,1.72,0.522,0.396,1.826,0.226,2.072,-36.473,38.815,93,7,0,2,1,103.675,-30.142,-4.406,0,0,1,4,6,R,"HANA_ARASHI",190,90,0.25,3,56,W,Y,5423.968,188,117,119,53,20,145,91,51.345,8.898,-0.77,0,0.681,246.841,289.991,151.786,-0.181,-37.118,0,"SFIDA",0.101,-17.353,101,"甲斐野柊太",-16.187,-42.197,0,"柴山犬吉",-13.928,-59.666,91,"Azuner",19.289,-51.038,0,"coder_",6.434,-64.921,0,"YukihiroD",34.144,-94.332,0,"눈꽃",-8.97,-111.351,0,"소솨소솨",-43.745,-94.599,0,0,0,0,5428.989,3,"柴山犬吉",-14.663,-77.314,0,0,5432.795,5692.662,5426.956,,384,1
126,5,0,1,7,1,0,1,0,1,0,255,14,255,6,5709.047,"あいくんだよー『아이 군』",R,10,69,112,0.601,-1.036,0.306,1.864,0.253,1.454,-36.473,44.583,100,0,0,1,0,0,400,-4.974,0,0,0,5,6,R,"HANA_ARASHI",190,90,0.25,0,48,W,Y,0,0,0,0,0,0,0,0,0,0,0,0,0,0,0,0,0.001,-37.542,0,"SFIDA",0.11,-17.398,0,"甲斐野柊太",-18.624,-43.769,0,"柴山犬吉",-15.607,-60.716,0,"Azuner",20.355,-51.664,0,"coder_",4.6,-64.456,0,"YukihiroD",30.777,-96.042,0,"눈꽃",-7.066,-105.538,0,"소솨소솨",-43.063,-96.13,0,0,0,0,0,0,"",0,0,0,0,5709.422,5712.103,,,0,0
127,5,0,1,7,2,0,1,0,1,0,255,14,255,7,5724.075,"あいくんだよー『아이 군』",R,28,86,139,-0.653,-1.26,0.173,1.429,-0.397,0.733,-36.473,21.56,54,46,0,1,0,79.536,-99.828,-2.385,0,0,0,5,6,R,"HANA_ARASHI",190,90,0.25,0,48,W,Y,0,0,0,0,0,0,0,0,0,0,0,0,0,0,0,0,-0.002,-37.798,0,"SFIDA",0.09,-17.325,0,"甲斐野柊太",-18.612,-43.922,0,"柴山犬吉",-15.922,-62.457,0,"Azuner",20.718,-53.86,0,"coder_",4.741,-64.766,0,"YukihiroD",31.347,-95.714,0,"눈꽃",-8.726,-109.309,0,"소솨소솨",-42.855,-95.6,0,0,0,0,0,0,"",0,0,0,0,5724.339,5726.978,,,0,0
128,5,0,1,7,3,0,1,0,1,0,255,14,255,8,5739.741,"あいくんだよー『아이 군』",R,34,76,127,0.449,-0.382,0.382,1.757,0.058,1.283,-36.473,44.67,100,0,0,2,0,83.229,-79.513,-4.284,0,0,1,5,6,R,"HANA_ARASHI",190,90,0.25,3,48,W,Y,5740.845,231,123,116,129,64,145,122,11.295,14.028,0.76,0,0.711,249.003,-385.076,54.028,0.098,-37.571,0,"SFIDA",0.083,-17.418,0,"甲斐野柊太",-18.407,-43.931,0,"柴山犬吉",-15.89,-62.271,0,"Azuner",20.083,-54.022,0,"coder_",6.171,-66.695,92,"YukihiroD",31.348,-95.714,0,"눈꽃",-8.742,-109.324,107,"소솨소솨",-42.224,-97.604,0,0,0,0,5743.131,7,"눈꽃",-15.127,-99.912,0,0,6031.083,,,,503,1
129,6,1,1,7,0,0,0,0,0,0,255,255,255,0,6160.977,"SUGUN",R,27,87,140,0.312,-0.511,0.191,1.704,-0.04,1.172,-36.945,18.025,33,59,8,0,0,120.087,-125.066,10.337,0,0,0,3,8,R,"소솨소솨",185.8,80,0.498,0,55,W,Y,0,0,0,0,0,0,0,0,0,0,0,0,0,0,0,0,-0.115,-38.038,0,"mungjungh",-0.03,-17.199,0,"Kr_Luna",-18.975,-48.129,0,"Yaksok~",-15.385,-65.121,0,"Penguin_iDOL",22.243,-50.051,0,"CVPileMaki",12.999,-64.037,0,"가앤슬_",39.393,-115.733,0,"-KYU-",-1.006,-104.666,0,"HANA_ARASHI",-51.748,-111.237,0,0,0,0,0,0,"",0,0,0,0,6161.404,,,,0,0
130,6,1,1,7,0,1,0,0,0,0,255,255,255,1,6176.524,"SUGUN",R,13,74,101,-2.856,-1.023,0.048,1.771,-0.47,1.479,-36.945,20.981,34,60,6,1,0,-358.548,312.269,2.547,0,0,0,3,8,R,"소솨소솨",185.8,80,0.498,0,55,W,Y,0,0,0,0,0,0,0,0,0,0,0,0,0,0,0,0,-0.155,-38.373,0,"mungjungh",-0.254,-17.056,0,"Kr_Luna",-20.393,-48.269,0,"Yaksok~",-15.81,-66.097,0,"Penguin_iDOL",21.857,-50.327,0,"CVPileMaki",5.01,-65.45,0,"가앤슬_",38.29,-103.328,0,"-KYU-",-1.552,-104.571,0,"HANA_ARASHI",-50.28,-105.702,0,0,0,0,0,0,"",0,0,0,0,6177.227,,,,0,0
131,6,1,1,7,1,1,0,0,0,0,255,255,255,2,6191.663,"SUGUN",R,3,69,98,-2.85,0.084,0.121,1.859,-0.243,1.675,-36.945,34.413,88,10,3,4,0,-445.455,0,-5.056,0,0,1,3,8,R,"소솨소솨",185.8,80,0.498,0,55,W,Y,0,0,0,0,0,0,0,0,0,0,0,0,0,0,0,0,-0.285,-38.133,0,"mungjungh",-0.165,-17.049,0,"Kr_Luna",-20.475,-48.343,0,"Yaksok~",-15.144,-64.727,0,"Penguin_iDOL",21.689,-50.49,0,"CVPileMaki",7.533,-65.63,0,"가앤슬_",38.191,-103.301,0,"-KYU-",0.015,-104.277,0,"HANA_ARASHI",-46.945,-107.55,0,0,0,0,0,0,"",0,0,0,0,6192.381,,,,0,0
132,6,1,1,7,1,2,0,0,0,0,255,255,255,3,6207.496,"SUGUN",R,26,88,140,0.948,0.983,0.252,1.973,0.243,2.061,-36.945,32.293,79,8,13,0,0,114.906,-153.473,4.568,0,0,1,3,8,R,"소솨소솨",185.8,80,0.498,0,55,W,Y,0,0,0,0,0,0,0,0,0,0,0,0,0,0,0,0,-0.128,-38.024,0,"mungjungh",-0.038,-16.914,0,"Kr_Luna",-20.465,-48.321,0,"Yaksok~",-15.389,-65.826,0,"Penguin_iDOL",21.841,-50.243,0,"CVPileMaki",11.934,-65.166,0,"가앤슬_",38.303,-103.514,0,"-KYU-",1.942,-104.566,0,"HANA_ARASHI",-45.301,-105.361,0,0,0,0,0,0,"",0,0,0,0,6207.912,,,,0,0
133,6,1,1,7,0,0,1,0,0,0,255,255,255,4,6229.121,"SUGUN",R,26,89,140,-0.946,0.691,0.099,1.897,-0.472,1.816,-36.945,24.099,76,10,14,2,0,38.679,-200,2.643,0,0,1,4,9,R,"레이나2",179.7,80.118,0.403,3,55,W,Y,6230.208,150,51,112,57,21,145,127,107.979,-58.628,0.52,0,0.188,439.219,138.141,26.539,-0.258,-37.86,0,"mungjungh",-0.053,-17.166,0,"Kr_Luna",-20.339,-48.379,0,"Yaksok~",-14.199,-64.552,0,"Penguin_iDOL",21.877,-50.267,0,"CVPileMaki",11.046,-65.449,0,"가앤슬_",38.365,-103.417,0,"-KYU-",-1.383,-104.338,0,"HANA_ARASHI",-47.943,-104.684,0,0,0,0,0,0,"",0,0,0,0,,,,,256,3
134,6,1,1,7,0,1,1,0,0,0,255,255,255,5,6248.517,"SUGUN",R,3,68,97,-2.527,0.312,0.15,1.917,-0.154,1.806,-36.945,36.393,80,14,7,1,0,-417.401,0,-10.791,0,0,0,4,9,R,"레이나2",179.7,80.118,0.403,0,55,W,Y,0,0,0,0,0,0,0,0,0,0,0,0,0,0,0,0,-0.162,-38.199,0,"mungjungh",-0.43,-17.023,0,"Kr_Luna",-20.743,-48.298,0,"Yaksok~",-15.355,-65.913,0,"Penguin_iDOL",21.821,-50.511,0,"CVPileMaki",11.132,-65.638,0,"가앤슬_",38.694,-101.456,0,"-KYU-",-1.086,-103.45,0,"HANA_ARASHI",-48.685,-108.433,0,0,0,0,0,0,"",0,0,0,0,6249.202,,,,0,0
135,6,1,1,7,1,1,1,0,0,0,255,255,255,6,6261.447,"SUGUN",R,13,74,101,-2.923,-1.772,0.039,1.596,-0.499,1.073,-36.945,12.555,49,45,7,4,0,-358.49,312.348,-8.493,-0.68,-18.647,1,4,9,R,"레이나2",179.7,80.118,0.403,0,55,W,Y,0,0,0,0,0,0,0,0,0,0,0,0,0,0,0,0,-0.228,-38.437,0,"mungjungh",-0.253,-17.035,0,"Kr_Luna",-20.509,-46.509,0,"Yaksok~",-14.78,-65.763,0,"Penguin_iDOL",21.78,-50.359,0,"CVPileMaki",12.117,-65.011,0,"가앤슬_",38.667,-102.606,0,"-KYU-",-1.774,-102.762,0,"HANA_ARASHI",-48.509,-107.208,0,0,0,0,0,0,"",0,0,0,0,6262.141,,,,0,0
136,6,1,1,7,1,2,1,0,0,0,255,255,255,7,6276.073,"SUGUN",R,3,79,105,-3.168,-0.254,0.07,1.767,-0.403,1.465,-36.945,24.757,70,16,14,2,0,-477.273,0,15.551,0,0,1,4,9,R,"레이나2",179.7,80.118,0.403,3,55,W,Y,6277.368,182,96,116,94,39,145,92,102.01,-41.502,0.96,0,0.154,207.495,237.254,-190.584,0.11,-38.041,0,"mungjungh",-0.433,-17.336,0,"Kr_Luna",-18.692,-45.186,0,"Yaksok~",-14.935,-66.647,0,"Penguin_iDOL",22.017,-50.159,0,"CVPileMaki",12.042,-65.084,0,"가앤슬_",38.681,-102.596,0,"-KYU-",-0.276,-102.838,0,"HANA_ARASHI",-48.024,-106.591,0,0,0,0,0,0,"",0,0,0,0,,,,,256,3
137,6,1,1,7,1,2,1,0,0,0,255,255,255,8,6320.481,"SUGUN",R,3,73,100,-2.841,-0.279,0.121,1.763,-0.246,1.456,-36.945,29.414,32,61,7,4,0,-454.546,0,-4.649,0,0,1,4,9,R,"레이나2",179.7,80.118,0.403,0,54,W,Y,0,0,0,0,0,0,0,0,0,0,0,0,0,0,0,0,-0.048,-38.232,0,"mungjungh",-0.338,-17.265,0,"Kr_Luna",-18.308,-45.493,0,"Yaksok~",-15.601,-66.687,0,"Penguin_iDOL",21.708,-50.417,0,"CVPileMaki",7.06,-66.304,0,"가앤슬_",40.385,-102.777,0,"-KYU-",0.435,-102.417,0,"HANA_ARASHI",-47.494,-110.017,0,0,0,0,0,0,"",0,0,0,0,6321.216,,,,0,0
138,6,1,1,7,0,0,2,0,0,0,255,255,255,9,6348.942,"SUGUN",R,3,72,99,-0.855,-0.284,0.407,1.766,0.643,1.457,-36.945,17.072,26,71,2,2,0,-450,0,-14.036,0,0,1,5,6,R,"YukihiroD",174.3,80,0.4,3,54,W,Y,6350.238,255,117,86,87,40,145,97,30.094,53.958,0.93,0,0.68,283.217,-52.266,166.463,-0.087,-38.15,0,"mungjungh",-0.014,-17.094,0,"Kr_Luna",-19.618,-47.105,0,"Yaksok~",-15.205,-65.928,0,"Penguin_iDOL",20.096,-56.66,0,"CVPileMaki",3.241,-67.324,0,"가앤슬_",40.731,-103.244,0,"-KYU-",3.388,-101.774,0,"HANA_ARASHI",-42.874,-103.597,0,6352.962,-60.701,-64.882,0,0,"",0,0,0,0,,,,,256,3
139,6,1,1,7,0,1,2,0,0,0,255,255,255,10,6367.521,"SUGUN",R,32,88,140,1.564,0.531,0.342,1.9,0.377,1.724,-36.945,34.346,69,18,13,2,0,207.459,-176.835,15.851,0,0,1,5,6,R,"YukihiroD",174.3,80,0.4,3,54,W,Y,6368.655,252,69,39,0,0,57,57,-21.848,11.048,-0.85,0,0.399,-213.111,341.848,444.661,0.114,-37.666,101,"mungjungh",0.15,-17.009,0,"Kr_Luna",-19.014,-47.567,0,"Yaksok~",-14.71,-64.06,0,"Penguin_iDOL",17.212,-59.426,0,"CVPileMaki",2.529,-67.649,0,"가앤슬_",40.198,-103.008,0,"-KYU-",-0.338,-104.883,0,"HANA_ARASHI",-43.602,-109.182,0,6367.635,-0.214,-21.602,6369.06,0,"SUGUN",-2.755,-34.212,0,0,,,,,258,2
140,6,0,1,7,0,0,0,0,0,0,255,255,255,9,6421.484,"あいくんだよー『아이 군』",R,10,77,117,0.401,-1.381,0.245,1.798,0.168,1.302,-36.473,45.472,100,0,0,2,0,0,400,-4.141,0,0,1,5,7,R,"-KYU-",176.1,83,0.433,3,54,W,Y,6422.63,255,177,120,135,15,145,97,18.928,-46.74,0.93,0,0.456,-13.286,58.385,-68.057,-0.059,-37.387,0,"SFIDA",0.084,-17.359,0,"甲斐野柊太",-19.16,-44.272,0,"柴山犬吉",-16.007,-62.741,0,"Azuner",18.516,-50.97,0,"coder_",9.247,-66.689,0,"YukihiroD",31.231,-94.527,0,"눈꽃",-5.313,-111.547,0,"소솨소솨",-43.293,-98.5,0,6424.272,42.666,-62.474,0,0,"",0,0,0,0,,,,,0,3
141,6,0,1,7,0,1,0,0,0,0,255,255,255,10,6460.312,"あいくんだよー『아이 군』",R,6,63,107,3.602,-0.09,0.063,1.724,0.839,1.562,-36.473,17.036,55,45,0,2,0,385.956,0,2.06,0,0,1,5,7,R,"-KYU-",176.1,83,0.433,3,51,W,Y,6461.464,255,112,80,82,82,145,104,103.794,46.66,0.9,0,0.582,125.339,-278.746,197.526,0.104,-37.564,0,"SFIDA",0.169,-17.603,0,"甲斐野柊太",-19.259,-43.635,0,"柴山犬吉",-15.852,-62.729,0,"Azuner",22.122,-50.902,0,"coder_",11.028,-68.239,0,"YukihiroD",33.846,-93.172,0,"눈꽃",3,-111.947,0,"소솨소솨",-44.956,-97.212,0,0,0,0,0,0,"",0,0,0,0,,,,,0,3
142,6,0,1,7,0,2,0,0,0,0,255,255,255,11,6479.667,"あいくんだよー『아이 군』",R,28,88,140,-0.008,-2.173,0.294,1.408,-0.058,0.259,-36.473,29.887,53,47,0,1,0,33.895,-82.416,-2.388,0,0,0,5,7,R,"-KYU-",176.1,83,0.433,0,51,W,Y,0,0,0,0,0,0,0,0,0,0,0,0,0,0,0,0,-0.048,-37.941,0,"SFIDA",-0.008,-17.421,0,"甲斐野柊太",-18.695,-43.5,0,"柴山犬吉",-16.365,-62.481,0,"Azuner",23.042,-50.976,0,"coder_",11.717,-65.593,0,"YukihiroD",36.731,-94.766,0,"눈꽃",-4.888,-108.291,0,"소솨소솨",-45.097,-97.559,0,0,0,0,0,0,"",0,0,0,0,6480.045,,,,0,0
143,6,0,1,7,1,2,0,0,0,0,255,255,255,12,6492.598,"あいくんだよー『아이 군』",R,10,76,117,0.865,-1.332,0.293,1.818,0.368,1.326,-36.473,45.114,100,0,0,2,0,0,400,-4.411,0,0,1,5,7,R,"-KYU-",176.1,83,0.433,3,51,W,Y,6493.738,255,106,193,46,92,145,127,-30,-31.934,0.6,0,0.522,107.235,-309.515,-70.249,-0.253,-37.171,0,"SFIDA",0.089,-17.493,0,"甲斐野柊太",-18.701,-43.507,0,"柴山犬吉",-16.305,-62.576,0,"Azuner",23.067,-50.987,0,"coder_",11.29,-65.698,0,"YukihiroD",36.652,-94.792,0,"눈꽃",-6.862,-108.575,0,"소솨소솨",-45.047,-97.627,0,6492.71,0.528,-20.458,6494.41,4,"Azuner",19.857,-47.648,0,0,,,,,68,2
144,6,0,1,7,0,0,1,0,0,0,255,255,255,13,6519.522,"あいくんだよー『아이 군』",R,0,76,114,-1.274,0.184,0.237,1.768,-0.542,1.756,-36.473,35.479,97,3,0,0,0,-11.618,25.41,5.428,0,0,1,6,1,R,"mungjungh",190,87.921,0.299,0,54,W,Y,0,0,0,0,0,0,0,0,0,0,0,0,0,0,0,0,0.028,-37.816,0,"SFIDA",0.042,-17.181,0,"甲斐野柊太",-20.578,-41.866,0,"柴山犬吉",-16.939,-62.394,0,"Azuner",22.664,-51.632,0,"coder_",7.332,-69.819,0,"YukihiroD",35.24,-96.615,0,"눈꽃",-0.019,-109.016,0,"소솨소솨",-44.607,-97.946,0,0,0,0,0,0,"",0,0,0,0,6519.787,,,,0,0
145,6,0,1,7,0,1,1,0,0,0,255,255,255,14,6533.084,"あいくんだよー『아이 군』",R,6,64,106,2.336,0.479,-0.088,1.911,0.102,1.916,-36.473,20.458,100,0,0,1,0,481.818,0,-6.987,0,0,0,6,1,R,"mungjungh",190,87.921,0.299,0,54,W,Y,0,0,0,0,0,0,0,0,0,0,0,0,0,0,0,0,0.007,-37.634,0,"SFIDA",0.119,-17.353,0,"甲斐野柊太",-18.804,-44.117,0,"柴山犬吉",-16.803,-62.542,0,"Azuner",22.244,-51.996,0,"coder_",10.032,-69.922,0,"YukihiroD",35.257,-97.803,0,"눈꽃",4.219,-112.97,0,"소솨소솨",-44.582,-96.829,0,0,0,0,0,0,"",0,0,0,0,6533.452,,,,0,0
146,6,0,1,7,1,1,1,0,0,0,255,255,255,15,6547.329,"あいくんだよー『아이 군』",R,0,78,128,0.237,0.391,0.382,1.8,0.048,1.803,-36.473,42.097,93,7,0,2,0,29.031,-46.3,-3.134,0,0,1,6,1,R,"mungjungh",190,87.921,0.299,3,54,W,Y,6548.368,234,98,54,57,15,137,130,-7.608,7.307,0.52,0,0.37,-302.373,32.443,-92.48,0.174,-37.558,0,"SFIDA",0.084,-17.341,0,"甲斐野柊太",-21.488,-47.556,85,"柴山犬吉",-16.695,-62.607,0,"Azuner",22.213,-51.839,0,"coder_",10.316,-69.473,0,"YukihiroD",35.642,-97.42,0,"눈꽃",2.47,-112.863,0,"소솨소솨",-44.656,-96.8,0,6547.366,-0.717,-24.315,6550.639,7,"눈꽃",-9.826,-101.615,1,0,,,,,6,2
147,6,0,1,7,0,0,1,1,0,0,11,255,255,16,6581.894,"あいくんだよー『아이 군』",R,3,76,108,-2.299,0.398,0.188,1.783,-0.537,1.841,-36.473,29.886,97,3,0,1,0,-252.683,0,7.318,0,0,0,7,5,R,"CVPileMaki",175.2,94,0.397,0,54,W,Y,0,0,0,0,0,0,0,0,0,0,0,0,0,0,0,0,0.039,-37.729,0,"SFIDA",-1.222,-17.969,0,"甲斐野柊太",-18.692,-41.111,0,"柴山犬吉",-13.282,-59.231,0,"Azuner",18.685,-49.835,0,"coder_",3.195,-63.49,0,"YukihiroD",30.683,-94.84,0,"눈꽃",-7.741,-102.717,0,"소솨소솨",-45.106,-92.993,0,0,0,0,0,0,"",0,0,0,0,6582.32,6586.218,,,0,0
148,6,0,1,7,1,1,1,0,1,0,255,11,255,18,6630.644,"あいくんだよー『아이 군』",R,10,70,113,0.854,-1.004,0.291,1.829,0.228,1.552,-36.473,52.278,100,0,0,2,0,77.431,400,-15.625,0,0,1,7,5,R,"CVPileMaki",175.2,94,0.397,3,54,W,Y,6631.851,115,125,136,115,82,137,112,99.935,-71.953,0.19,0,0.278,-478.821,-357.861,1.547,0.176,-37.314,0,"SFIDA",0.028,-17.1,0,"甲斐野柊太",-18.244,-43.581,0,"柴山犬吉",-15.008,-62.813,0,"Azuner",20.068,-51.013,0,"coder_",7.263,-63.69,0,"YukihiroD",30.935,-95.126,0,"눈꽃",-7.272,-106.785,0,"소솨소솨",-44.744,-95.979,0,0,0,0,0,0,"",0,0,0,0,,6635.858,,,0,3
149,6,0,1,7,1,2,1,0,1,0,255,11,255,19,6649.789,"あいくんだよー『아이 군』",R,5,71,107,-1.025,0.368,0.312,1.819,-0.207,1.823,-36.473,53.209,94,6,0,2,0,-132.517,0,-0.424,0,0,1,7,5,R,"CVPileMaki",175.2,94,0.397,3,54,W,Y,6651.065,130,86,122,128,87,140,110,27.971,25.741,0.15,0,0.277,288.923,-139.279,128.93,-0.035,-37.46,0,"SFIDA",-0.92,-18.073,0,"甲斐野柊太",-19.109,-42.724,0,"柴山犬吉",-16.165,-62.193,0,"Azuner",19.855,-51.957,0,"coder_",6.25,-64.66,85,"YukihiroD",28.556,-97.596,0,"눈꽃",-10.704,-108.376,0,"소솨소솨",-45.935,-95.343,106,0,0,0,6655.025,8,"소솨소솨",-38.27,-101.953,0,0,,6654.714,,,9,1
150,6,0,1,7,0,0,2,0,1,0,255,11,255,20,6680.415,"あいくんだよー『아이 군』",R,28,82,133,0.201,-0.529,0.239,1.546,-0.017,1.203,-36.473,27.091,54,46,0,0,0,67.797,-90.046,-2.589,0,0,0,8,0,R,"SUGUN",179.9,82.092,0.496,0,54,W,Y,0,0,0,0,0,0,0,0,0,0,0,0,0,0,0,0,-0.076,-37.646,0,"SFIDA",0.112,-17.356,0,"甲斐野柊太",-19.238,-43.835,0,"柴山犬吉",-16.828,-62.499,0,"Azuner",20.079,-51.371,0,"coder_",5.109,-65.046,0,"YukihiroD",29.288,-97.973,0,"눈꽃",-5.373,-111.246,0,"소솨소솨",-45.298,-94.092,0,0,0,0,0,0,"",0,0,0,0,6680.67,6683.487,,,0,0
151,6,0,1,7,0,1,2,0,1,0,255,11,255,21,6732.136,"あいくんだよー『아이 군』",R,7,55,105,-0.688,1.666,-0.095,2.093,-0.771,2.6,-36.473,40.742,100,0,0,4,0,245.281,0,5.487,0,0,1,8,0,R,"SUGUN",179.9,82.092,0.496,0,54,W,Y,0,0,0,0,0,0,0,0,0,0,0,0,0,0,0,0,-0.228,-37.168,0,"SFIDA",0.487,-19.809,0,"甲斐野柊太",-21.063,-47.821,0,"柴山犬吉",-16.623,-62.611,0,"Azuner",19.935,-50.71,0,"coder_",5.975,-65.086,0,"YukihiroD",28.904,-97.831,0,"눈꽃",-6.126,-109.006,0,"소솨소솨",-46.439,-96.981,0,0,0,0,0,0,"",0,0,0,256,6732.545,6736.733,,,0,0
152,6,0,1,7,0,2,2,0,1,0,255,11,255,22,6756.411,"あいくんだよー『아이 군』",R,5,76,125,-2.841,0.329,0.188,1.729,-1.142,1.792,-36.473,34.258,93,7,0,4,0,-65.791,0,4.407,0,0,1,8,0,R,"SUGUN",179.9,82.092,0.496,0,54,W,Y,0,0,0,0,0,0,0,0,0,0,0,0,0,0,0,0,-0.189,-37.824,0,"SFIDA",0.727,-21.189,0,"甲斐野柊太",-19.255,-41.73,0,"柴山犬吉",-16.614,-60.141,0,"Azuner",20.066,-50.873,0,"coder_",3.816,-66.218,0,"YukihiroD",29.062,-96.801,0,"눈꽃",-4.791,-108.826,0,"소솨소솨",-44.196,-96.213,0,0,0,0,0,0,"",0,0,0,0,6756.793,,,,0,0
153,7,1,1,7,0,0,0,0,0,0,255,255,255,11,6820.414,"SUGUN",R,3,68,97,-2.161,0.413,0.343,1.933,0.082,1.884,-36.945,45.386,67,20,13,1,0,-440.909,0,4.263,0,0,0,6,4,L,"Azuner",190,80,0.297,0,54,W,Y,0,0,0,0,0,0,0,0,0,0,0,0,0,0,0,0,-0.058,-38.278,0,"mungjungh",-0.106,-17.366,0,"Kr_Luna",-19.561,-49.635,0,"Yaksok~",-10.639,-66.187,0,"Penguin_iDOL",21.6,-53.115,0,"CVPileMaki",4.731,-66.061,0,"가앤슬_",42.39,-97.052,0,"-KYU-",4.939,-108.154,0,"HANA_ARASHI",-40.653,-103.37,0,0,0,0,0,0,"",0,0,0,0,6821.102,,,,0,0
154,7,1,1,7,1,0,0,0,0,0,255,255,255,12,6839.106,"SUGUN",R,32,80,130,2.948,0.49,0.417,1.882,1.008,1.757,-36.945,41.831,72,9,19,1,0,172.966,-152.275,24.223,0,0,0,6,4,L,"Azuner",190,80,0.297,0,54,W,Y,0,0,0,0,0,0,0,0,0,0,0,0,0,0,0,0,0.002,-37.996,0,"mungjungh",0.023,-17.391,0,"Kr_Luna",-19.628,-49.717,0,"Yaksok~",-9.971,-65.907,0,"Penguin_iDOL",21.604,-53.133,0,"CVPileMaki",13.907,-63.899,0,"가앤슬_",52.598,-103.342,0,"-KYU-",2.964,-106.581,0,"HANA_ARASHI",-41.408,-113.414,0,0,0,0,0,0,"",0,0,0,0,6839.522,,,,0,0
155,7,1,1,7,2,0,0,0,0,0,255,255,255,13,6852.167,"SUGUN",R,27,84,137,-1.492,0.355,0.039,1.861,-0.751,1.689,-36.945,16.558,77,15,8,2,0,68.365,-145.278,14.219,0,0,1,6,4,L,"Azuner",190,80,0.297,3,54,W,Y,6853.365,144,189,85,99,49,144,102,-0.741,30.818,-0.22,0,0.52,-55.461,-517.431,-202.228,-0.37,-38.116,0,"mungjungh",-0.148,-17.332,0,"Kr_Luna",-19.505,-49.742,85,"Yaksok~",-7.889,-66.421,0,"Penguin_iDOL",21.992,-53.161,0,"CVPileMaki",13.848,-64.316,0,"가앤슬_",53.456,-108.56,0,"-KYU-",1.746,-108.339,0,"HANA_ARASHI",-47.922,-108.129,0,6852.894,-9.49,-36.708,6853.793,2,"Kr_Luna",-15.03,-47.971,0,0,,,,,258,2
156,7,1,1,7,0,0,1,0,0,0,255,255,255,14,6874.917,"SUGUN",R,27,83,134,-1.565,0.748,0.024,1.939,-0.82,1.943,-36.945,30.21,80,7,13,1,0,89.244,-131.526,21.643,0,0,0,7,1,L,"SFIDA",189.1,80,0.2,0,53,W,Y,0,0,0,0,0,0,0,0,0,0,0,0,0,0,0,0,-0.157,-38.023,0,"mungjungh",-0.089,-17.129,0,"Kr_Luna",-18.774,-49.243,0,"Yaksok~",-10.153,-67.789,0,"Penguin_iDOL",22.452,-53.63,0,"CVPileMaki",14.554,-63.548,0,"가앤슬_",55.685,-106.514,0,"-KYU-",2.669,-106.228,0,"HANA_ARASHI",-40.437,-104.673,0,0,0,0,0,0,"",0,0,0,0,6875.102,,,,0,0
157,7,1,1,7,1,0,1,0,0,0,255,255,255,15,6893.267,"SUGUN",R,3,67,96,-2.227,0.463,0.286,1.961,0.031,1.914,-36.945,43.902,80,13,7,1,0,-436.364,0,-9.413,0,0,0,7,1,L,"SFIDA",189.1,80,0.2,0,53,W,Y,0,0,0,0,0,0,0,0,0,0,0,0,0,0,0,0,-0.358,-38.129,0,"mungjungh",-0.217,-17.153,0,"Kr_Luna",-18.886,-49.23,0,"Yaksok~",-9.55,-66.704,0,"Penguin_iDOL",22.397,-53.669,0,"CVPileMaki",10.487,-65.376,0,"가앤슬_",54.82,-106.919,0,"-KYU-",-1.085,-107.448,0,"HANA_ARASHI",-46.581,-102.554,0,0,0,0,0,0,"",0,0,0,0,6893.639,,,,0,0
158,7,1,1,7,2,0,1,0,0,0,255,255,255,16,6916.221,"SUGUN",R,26,87,140,-1.996,0.192,0,1.828,-0.929,1.582,-36.945,17.247,68,19,13,1,0,41.496,-155.165,16.084,0,0,0,7,1,L,"SFIDA",189.1,80,0.2,0,53,W,Y,0,0,0,0,0,0,0,0,0,0,0,0,0,0,0,0,-0.034,-38.021,0,"mungjungh",-0.11,-17.195,0,"Kr_Luna",-18.906,-49.336,0,"Yaksok~",-9.493,-66.738,0,"Penguin_iDOL",22.698,-52.909,0,"CVPileMaki",13.189,-64.647,0,"가앤슬_",54.834,-106.911,0,"-KYU-",2.958,-106.818,0,"HANA_ARASHI",-41.536,-112.276,0,0,0,0,0,0,"",0,0,0,0,6916.396,,,,0,0
159,7,1,1,7,3,0,1,0,0,0,255,255,255,17,6936.516,"SUGUN",R,34,78,128,-0.321,0.069,0.138,1.819,-0.286,1.554,-36.945,17.422,77,10,13,0,0,89.687,-87.906,3.497,0,0,0,7,1,L,"SFIDA",189.1,80,0.2,0,53,W,Y,0,0,0,0,0,0,0,0,0,0,0,0,0,0,0,0,-0.126,-38.137,0,"mungjungh",-0.043,-17.242,0,"Kr_Luna",-19.183,-49.142,0,"Yaksok~",-7.95,-64.553,0,"Penguin_iDOL",22.526,-52.99,0,"CVPileMaki",13.635,-64.69,0,"가앤슬_",54.829,-106.913,0,"-KYU-",0.535,-104.59,0,"HANA_ARASHI",-40.451,-113.59,0,0,0,0,0,0,"",0,0,0,0,6936.737,,,,0,0
160,7,1,1,7,3,1,1,0,0,0,255,255,255,18,6983.099,"SUGUN",R,3,65,94,-0.323,0.198,0.573,1.871,0.858,1.752,-36.945,29.309,36,58,6,0,0,-427.273,0,-20.915,0,0,0,7,1,L,"SFIDA",189.1,80,0.2,0,53,W,Y,0,0,0,0,0,0,0,0,0,0,0,0,0,0,0,0,-0.129,-38.296,0,"mungjungh",-0.012,-17.193,0,"Kr_Luna",-19.778,-49.256,0,"Yaksok~",-7.608,-65.831,0,"Penguin_iDOL",22.589,-51.592,0,"CVPileMaki",12.467,-65.159,0,"가앤슬_",54.994,-106.924,0,"-KYU-",1.704,-102.365,0,"HANA_ARASHI",-40.674,-105.25,0,0,0,0,0,0,"",0,0,0,0,6983.535,,,,0,0
161,7,1,1,7,3,2,1,0,0,0,255,255,255,19,6995.19,"SUGUN",R,33,76,127,-0.205,0.804,0.218,1.96,-0.258,2.027,-36.945,36.66,73,10,16,2,0,101.18,-71.822,16.654,0,0,1,7,1,L,"SFIDA",189.1,80,0.2,3,53,W,Y,6996.174,255,111,76,71,25,145,90,43.838,34.698,-0.81,0,0.336,258.891,215.759,10.905,0.1,-37.656,111,"mungjungh",-0.14,-17.19,0,"Kr_Luna",-19.423,-49.631,87,"Yaksok~",-8.817,-65.622,0,"Penguin_iDOL",22.59,-51.543,0,"CVPileMaki",12.504,-65.201,0,"가앤슬_",54.903,-107.015,0,"-KYU-",0.943,-102.423,0,"HANA_ARASHI",-42.014,-110.484,85,7000.248,-43.221,-74.473,7002.225,8,"HANA_ARASHI",-51.466,-84.085,1,128,,,,,274,2
162,7,1,1,7,0,0,2,0,0,0,255,255,255,20,7047.689,"SUGUN",R,27,78,129,0.204,-0.187,0.189,1.77,-0.052,1.364,-36.945,22.147,81,7,13,0,0,83.417,-108.335,14.038,0,0,0,8,3,R,"柴山犬吉",169.9,90.243,0.6,0,53,W,Y,0,0,0,0,0,0,0,0,0,0,0,0,0,0,0,0,-0.069,-38.269,0,"mungjungh",0.011,-17.254,0,"Kr_Luna",-19.531,-46.389,0,"Yaksok~",-15.423,-64.707,0,"Penguin_iDOL",19.879,-56.632,0,"CVPileMaki",3.267,-67.19,0,"가앤슬_",45.624,-100.612,0,"-KYU-",0.421,-102.74,0,"HANA_ARASHI",-47.092,-94.314,0,0,0,0,0,0,"",0,0,0,0,7048.139,,,,0,0
163,7,1,1,7,0,1,2,0,0,0,255,255,255,21,7063.619,"SUGUN",R,3,76,102,-3.346,0.171,0.158,1.864,-0.472,1.709,-36.945,26.918,72,22,7,4,0,-463.636,0,9.338,0,0,1,8,3,R,"柴山犬吉",169.9,90.243,0.6,0,53,W,Y,0,0,0,0,0,0,0,0,0,0,0,0,0,0,0,0,-0.154,-38.303,0,"mungjungh",-0.054,-17.333,0,"Kr_Luna",-20.684,-45.356,0,"Yaksok~",-14.713,-64.584,0,"Penguin_iDOL",19.887,-56.835,0,"CVPileMaki",3.103,-67.573,0,"가앤슬_",44.635,-104.561,0,"-KYU-",-0.871,-102.674,0,"HANA_ARASHI",-43.349,-94.41,0,0,0,0,0,0,"",0,0,0,0,7064.244,,,,0,0
164,7,1,1,7,0,2,2,0,0,0,255,255,255,22,7080.932,"SUGUN",R,26,80,130,-0.181,0.692,0.151,1.886,-0.228,1.786,-36.945,24.044,78,14,8,2,0,93.08,-175.09,9.622,0,0,1,8,3,R,"柴山犬吉",169.9,90.243,0.6,3,53,W,Y,7082.052,255,101,134,99,13,145,125,29.114,23.69,0.34,0,0.22,146.765,-526.664,108.454,-0.276,-37.989,0,"mungjungh",-0.058,-17.311,0,"Kr_Luna",-20.649,-47.58,0,"Yaksok~",-13.746,-64.752,0,"Penguin_iDOL",20.076,-56.54,0,"CVPileMaki",2.644,-67.933,68,"가앤슬_",44.684,-104.503,0,"-KYU-",0.769,-102.479,106,"HANA_ARASHI",-42.135,-93.478,0,7086.147,-32.25,-126.476,7088.543,7,"-KYU-",-25.551,-121.639,1,0,,7091.642,,,416,2
165,7,1,1,7,0,0,2,0,1,0,255,3,255,23,7119.119,"SUGUN",R,32,84,136,2.181,-0.036,0.341,1.792,0.657,1.438,-36.945,30.045,44,42,14,1,0,187.51,-120.212,15.492,0,0,0,0,5,R,"coder_",164.1,80,0.283,0,53,W,Y,0,0,0,0,0,0,0,0,0,0,0,0,0,0,0,0,-0.107,-38.286,0,"mungjungh",0.044,-17.128,0,"Kr_Luna",-19.619,-47.74,0,"Yaksok~",-13.71,-64.661,0,"Penguin_iDOL",19.974,-50.34,0,"CVPileMaki",9.262,-64.935,0,"가앤슬_",43.113,-99.759,0,"-KYU-",1.073,-100.379,0,"HANA_ARASHI",-40.767,-98.032,0,0,0,0,0,0,"",0,0,0,0,7119.517,7121.909,,,0,0
166,7,1,1,7,1,0,2,0,1,0,255,3,255,24,7138.993,"SUGUN",R,27,88,140,1.019,0.288,0.268,1.843,0.318,1.626,-36.945,29.626,68,19,13,0,0,83.197,-111.521,5.88,0,0,0,0,5,R,"coder_",164.1,80,0.283,0,53,W,Y,0,0,0,0,0,0,0,0,0,0,0,0,0,0,0,0,0.023,-38.32,0,"mungjungh",-0.014,-17.171,0,"Kr_Luna",-19.634,-47.732,0,"Yaksok~",-13.745,-64.541,0,"Penguin_iDOL",19.947,-50.26,0,"CVPileMaki",12.255,-65.254,0,"가앤슬_",41.474,-99.905,0,"-KYU-",0.554,-100.26,0,"HANA_ARASHI",-40.785,-97.162,0,0,0,0,0,0,"",0,0,0,0,7139.435,7141.876,,,0,0
167,7,1,1,7,1,1,2,0,1,0,255,3,255,25,7156.307,"SUGUN",R,3,81,106,-2.139,-0.324,0.212,1.761,0.039,1.432,-36.945,21.936,43,47,11,2,0,-481.818,0,2.192,0,0,1,0,5,R,"coder_",164.1,80,0.283,3,53,W,Y,7157.516,255,119,149,104,44,145,112,-7.227,20.008,0.82,0,0.539,-134.241,464.741,11.952,-0.227,-38.342,0,"mungjungh",-0.566,-17.555,0,"Kr_Luna",-19.79,-47.504,81,"Yaksok~",-15.289,-66.761,0,"Penguin_iDOL",20.25,-50,0,"CVPileMaki",4.876,-66.184,0,"가앤슬_",41.476,-99.903,0,"-KYU-",0.545,-100.254,0,"HANA_ARASHI",-41.242,-97.062,0,7156.581,-2.399,-26.102,7158.36,3,"Yaksok~",-15.001,-60.165,0,0,,,7161.195,,3,2
168,7,0,1,7,0,0,0,0,0,0,255,255,255,23,7236.522,"あいくんだよー『아이 군』",R,3,76,106,-3.803,0.3,0.148,1.792,-1.011,1.83,-36.473,33.108,86,14,0,1,0,-339.119,30.844,13.091,0,0,0,0,3,R,"Yaksok~",173.3,80,0.332,0,53,W,Y,0,0,0,0,0,0,0,0,0,0,0,0,0,0,0,0,-0.063,-37.788,0,"SFIDA",-0.065,-17.545,0,"甲斐野柊太",-19.246,-44.344,0,"柴山犬吉",-16.662,-62.241,0,"Azuner",22.854,-51.776,0,"coder_",7.216,-66.642,0,"YukihiroD",37.46,-97.499,0,"눈꽃",-6.765,-110.79,0,"소솨소솨",-40.085,-90.278,0,0,0,0,0,0,"",0,0,0,0,7236.854,,,,0,0
169,7,0,1,7,1,0,0,0,0,0,255,255,255,24,7251.331,"あいくんだよー『아이 군』",R,34,84,137,-0.916,-1.184,0.093,1.459,-0.529,0.875,-36.473,22.114,53,47,0,1,0,92.21,-49.206,-8.193,0,0,0,0,3,R,"Yaksok~",173.3,80,0.332,0,53,W,Y,0,0,0,0,0,0,0,0,0,0,0,0,0,0,0,0,-0.108,-37.539,0,"SFIDA",0.036,-17.653,0,"甲斐野柊太",-18.007,-44.578,0,"柴山犬吉",-16.691,-62.277,0,"Azuner",22.912,-51.618,0,"coder_",9.06,-66.303,0,"YukihiroD",37.372,-97.591,0,"눈꽃",-0.649,-106.187,0,"소솨소솨",-40.069,-90.245,0,0,0,0,0,0,"",0,0,0,0,7251.519,,,,0,0
170,7,0,1,7,2,0,0,0,0,0,255,255,255,25,7267.093,"あいくんだよー『아이 군』",R,34,71,123,0.875,1.363,0.426,1.93,0.228,2.315,-36.473,53.626,87,13,0,2,0,88.808,-51.423,-2.106,0,0,1,0,3,R,"Yaksok~",173.3,80,0.332,3,53,W,Y,7268.081,157,151,137,88,55,145,118,-12.072,8.984,0.18,0,0.092,89.106,-138.774,-10.742,-0.071,-37.499,0,"SFIDA",0.045,-17.622,0,"甲斐野柊太",-20.157,-45.585,0,"柴山犬吉",-16.585,-62.358,0,"Azuner",22.711,-51.763,0,"coder_",9.236,-66.667,0,"YukihiroD",37.32,-97.638,0,"눈꽃",-1.019,-107.672,0,"소솨소솨",-40.124,-90.237,0,7267.123,-0.704,-24.795,7270.468,7,"눈꽃",-11.544,-94.345,1,0,,,,,6,2
171,7,0,1,7,0,0,0,1,0,0,13,255,255,26,7294.768,"あいくんだよー『아이 군』",R,10,81,121,-0.232,-1.918,0.173,1.452,-0.106,0.856,-36.473,20.562,55,45,0,1,0,0,400,18.126,0,0,0,1,2,L,"Kr_Luna",190,95.256,0.504,0,53,W,Y,0,0,0,0,0,0,0,0,0,0,0,0,0,0,0,0,-0.063,-37.604,0,"SFIDA",-0.245,-18.254,0,"甲斐野柊太",-16.562,-43.888,0,"柴山犬吉",-5.817,-61.202,0,"Azuner",25.829,-52.107,0,"coder_",6.069,-66.307,0,"YukihiroD",48.585,-108.197,0,"눈꽃",0.742,-105.881,0,"소솨소솨",-41.355,-90.624,0,0,0,0,0,0,"",0,0,0,0,7294.833,,,,0,0
172,7,0,1,7,1,0,0,1,0,0,13,255,255,27,7313.077,"あいくんだよー『아이 군』",R,26,67,120,1.276,1.703,0.363,2.076,0.422,2.496,-36.473,68.326,89,11,0,1,0,75.278,-173.949,-12.309,0,0,0,1,2,L,"Kr_Luna",190,95.256,0.504,0,77,W,Y,0,0,0,0,0,0,0,0,0,0,0,0,0,0,0,0,-0.163,-37.4,0,"SFIDA",-0.301,-17.82,0,"甲斐野柊太",-16.903,-43.81,0,"柴山犬吉",-7.721,-61.874,0,"Azuner",25.953,-52.013,0,"coder_",8.164,-64.102,0,"YukihiroD",48.515,-108.244,0,"눈꽃",1.885,-106.048,0,"소솨소솨",-33.909,-86.663,0,0,0,0,0,0,"",0,0,0,0,7313.221,,,,0,0
173,7,0,1,7,2,0,0,1,0,0,13,255,255,28,7340.415,"あいくんだよー『아이 군』",R,4,71,105,-0.958,0.358,0.227,1.779,-0.023,1.846,-36.473,32.94,93,7,0,2,0,-207.333,0,5.815,0,0,1,1,2,L,"Kr_Luna",190,95.256,0.504,3,77,W,Y,7341.333,121,119,143,97,42,138,114,105.044,66.239,0.17,0,0.102,-464.47,344.075,37.898,0.142,-37.37,0,"SFIDA",-0.122,-17.58,0,"甲斐野柊太",-15.592,-43.325,0,"柴山犬吉",-10.78,-61.877,0,"Azuner",25.687,-51.833,0,"coder_",10.461,-65.229,0,"YukihiroD",48.598,-108.105,0,"눈꽃",2.292,-105.272,0,"소솨소솨",-34.895,-88.367,0,0,0,0,0,0,"",0,0,0,0,,,,,0,3
174,7,0,1,7,2,1,0,1,0,0,13,255,255,29,7360.083,"あいくんだよー『아이 군』",R,28,82,134,-2.048,-0.782,0.16,1.559,-0.96,1.042,-36.473,17.528,54,46,0,1,0,44.167,-82.059,-0.182,0,0,0,1,2,L,"Kr_Luna",190,95.256,0.504,0,77,W,Y,0,0,0,0,0,0,0,0,0,0,0,0,0,0,0,0,0.217,-37.667,0,"SFIDA",-0.275,-18.173,0,"甲斐野柊太",-16.893,-42.64,0,"柴山犬吉",-6.617,-62.206,0,"Azuner",25.9,-51.883,0,"coder_",9.858,-64.335,0,"YukihiroD",48.956,-108.026,0,"눈꽃",4.673,-102.883,0,"소솨소솨",-36.772,-89.242,0,0,0,0,0,0,"",0,0,0,0,7360.142,7363.645,,,0,0
175,7,0,1,7,3,1,0,0,1,0,255,13,255,30,7391.422,"あいくんだよー『아이 군』",R,28,77,128,0.347,-0.44,0.407,1.649,0.063,1.264,-36.473,36.877,50,50,0,2,0,50.548,-66.307,-7.496,0,0,1,1,2,L,"Kr_Luna",190,95.256,0.504,3,77,W,Y,7392.237,179,116,120,66,19,145,129,-30,-46.114,0.71,0,0.072,-172.408,-504.655,-8.817,0.146,-37.483,0,"SFIDA",0.019,-17.504,0,"甲斐野柊太",-19.345,-47.551,0,"柴山犬吉",-6.935,-62.932,0,"Azuner",24.931,-50.981,0,"coder_",10.826,-64.622,0,"YukihiroD",48.571,-108.281,0,"눈꽃",4.857,-106.347,0,"소솨소솨",-38.171,-91.095,0,7391.25,1.402,-20.89,0,0,"",0,0,0,0,,7396.814,,,0,3
176,7,0,1,7,3,2,0,0,1,0,255,13,255,31,7413.39,"あいくんだよー『아이 군』",R,3,75,116,-3.84,0.29,-0.029,1.572,-0.976,1.8,-36.473,7.8,39,61,0,1,0,-409.642,0,14.642,-2.009,-8.988,0,1,2,L,"Kr_Luna",190,95.256,0.504,0,77,W,Y,0,0,0,0,0,0,0,0,0,0,0,0,0,0,0,0,0.051,-37.497,0,"SFIDA",-0.929,-16.984,0,"甲斐野柊太",-16.027,-45.039,0,"柴山犬吉",-5.402,-61.832,0,"Azuner",25.533,-50.356,0,"coder_",12.391,-64.282,0,"YukihiroD",49.774,-110.171,0,"눈꽃",3.257,-106.696,0,"소솨소솨",-33.142,-93.035,0,0,0,0,0,0,"",0,0,0,0,7416.906,,7420.539,,0,5
177,7,0,1,7,0,0,0,1,0,1,12,255,13,32,7537.723,"あいくんだよー『아이 군』",R,10,79,119,0.503,-1.887,0.302,1.635,0.21,0.881,-36.473,30.95,51,49,0,2,0,0,400,-1.719,0,0,1,2,4,R,"Penguin_iDOL",190,80,0.255,3,52,W,Y,7538.821,214,182,99,109,78,145,95,24.59,46.49,0.96,0,0.513,-381.564,-233.43,55.227,0.275,-37.609,0,"SFIDA",-0.001,-17.465,0,"甲斐野柊太",-16.72,-43.145,92,"柴山犬吉",-11.821,-57.251,0,"Azuner",19.167,-49.202,0,"coder_",7.642,-63.533,0,"YukihiroD",33.066,-95.266,0,"눈꽃",-3.511,-102.735,0,"소솨소솨",-36.524,-87.653,108,7540.658,-41.676,-63.802,7542.577,8,"소솨소솨",-53.122,-80.065,1,0,7552.498,7543.764,,7544.438,141,2
