id,inn,half,scoreA,scoreB,ball,strk,out,b1,b2,b3,b1Idx,b2Idx,b3Idx,pCnt,pSec,pName,pHand,pType,pPow,spdK,zoneX,zoneY,startX,startY,targetX,targetY,zDist,pitchAngle,pOver,pSide,pUnder,call,balk,sH,sV,gyro,plx,plz,bSwing,bIdx,bPos,bZone,bName,bHCm,batLen,batCen,batType,bFps,bOS,bVR,hSec,rotS,rotL,shS,lgS,prepS,batSpd,ev,ldeg,sdeg,hPos,buntGrip,handDist,angVeloX,angVeloY,angVeloZ,PPosX,PPosY,PThrSpd,CName,CPosX,CPosY,CThrSpd,1BName,1BPosX,1BPosY,1BThrSpd,2BName,2BPosX,2BPosY,2BThrSpd,3BName,3BPosX,3BPosY,3BThrSpd,SSName,SSPosX,SSPosY,SSThrSpd,LFName,LFPosX,LFPosY,LFThrSpd,CFName,CFPosX,CFPosY,CFThrSpd,RFName,RFPosX,RFPosY,RFThrSpd,ltSec,lx,lz,cSec,cPos,cPlr,cx,cz,1BSafe,tag,cpSec,sb2Sec,sb3Sec,sbhSec,ass,result
1,1,1,0,0,0,0,0,0,0,0,255,255,255,0,148.521,"Pugeuk",R,29,84,136,1.534,-0.091,0.633,1.56,0.871,1.361,-36.692,31.175,60,40,0,2,0,-250,-200,41.258,0,0,1,0,3,R,"seikka",178.3,90,0.397,3,88,W,Y,149.726,203,58,59,28,0,135,87,-30,50.472,0.95,0,0.429,-436.817,-45.716,28.097,0.57,-37.101,0,"Oort__Cloud",-0.062,-17.362,0,"Pring__",-21.137,-47.697,0,"Yaksok~",-15.785,-63.427,0,"ぐだもん",23.965,-51.152,0,"시즈카_Shizuka",7.091,-66.332,0,"AI",40.9,-90.65,0,"AI",0,-109.84,0,"AI",-40.8,-90.55,0,149.848,-1.337,-19.778,0,0,"",0,0,0,0,,,,,32,3
2,1,1,0,0,0,1,0,0,0,0,255,255,255,1,165.955,"Pugeuk",R,2,70,98,1.272,1.489,0.871,1.939,1.318,2.09,-36.692,45.802,75,22,4,1,0,-347.842,-312.348,43.164,0,0,0,0,3,R,"seikka",178.3,90,0.397,0,88,W,Y,0,0,0,0,0,0,0,0,0,0,0,0,0,0,0,0,0.328,-37.305,0,"Oort__Cloud",0.033,-17.517,0,"Pring__",-21.503,-47.38,0,"Yaksok~",-15.424,-63.333,0,"ぐだもん",23.691,-49.76,0,"시즈카_Shizuka",7.316,-65.916,0,"AI",40.9,-90.65,0,"AI",0,-109.84,0,"AI",-40.8,-90.55,0,0,0,0,0,0,"",0,0,0,0,167.692,,,,0,0
3,1,1,0,0,1,1,0,0,0,0,255,255,255,2,180.545,"Pugeuk",R,13,72,99,0.58,-0.109,0.788,1.928,1.061,2.062,-36.692,36.637,82,16,1,0,0,-363.124,295.315,34.463,-0.339,-18.477,0,0,3,R,"seikka",178.3,90,0.397,0,88,W,Y,0,0,0,0,0,0,0,0,0,0,0,0,0,0,0,0,0.123,-37.515,0,"Oort__Cloud",-0.084,-17.674,0,"Pring__",-21.538,-47.409,0,"Yaksok~",-15.254,-63.553,0,"ぐだもん",21.716,-49.002,0,"시즈카_Shizuka",6.243,-66.174,0,"AI",40.9,-90.65,0,"AI",0,-109.84,0,"AI",-40.8,-90.55,0,0,0,0,0,0,"",0,0,0,0,183.537,,,,0,0
4,1,1,0,0,1,2,0,0,0,0,255,255,255,3,196.747,"Pugeuk",R,6,87,110,-0.308,-0.597,0.184,1.579,-1.096,1.26,-36.692,13.009,52,48,0,0,0,500,0,31.76,0.535,-14.015,0,0,3,R,"seikka",178.3,90,0.397,0,88,W,Y,0,0,0,0,0,0,0,0,0,0,0,0,0,0,0,0,0.112,-37.169,0,"Oort__Cloud",-0.074,-17.518,0,"Pring__",-21.519,-47.409,0,"Yaksok~",-15.341,-63.715,0,"ぐだもん",22.609,-48.762,0,"시즈카_Shizuka",5.357,-65.836,0,"AI",40.9,-90.65,0,"AI",0,-109.84,0,"AI",-40.8,-90.55,0,0,0,0,0,0,"",0,0,0,0,202.036,,,,0,0
5,1,1,0,0,0,0,1,0,0,0,255,255,255,4,220.249,"Pugeuk",R,29,80,130,-0.501,1.699,0.464,1.767,0.083,2.412,-36.692,20.829,65,35,0,4,0,-250,-179.935,22.178,0,0,1,1,7,R,"うよすま",176.4,85.385,0.503,0,89,W,Y,0,0,0,0,0,0,0,0,0,0,0,0,0,0,0,0,0.3,-37.009,0,"Oort__Cloud",-0.124,-17.182,0,"Pring__",-21.602,-47.36,0,"Yaksok~",-15.152,-63.712,0,"ぐだもん",20.522,-48.013,0,"시즈카_Shizuka",4.366,-67.127,0,"AI",40.9,-90.65,0,"AI",0,-109.84,0,"AI",-40.8,-90.55,0,0,0,0,0,0,"",0,0,0,0,221.536,,,,0,0
6,1,1,0,0,0,1,1,0,0,0,255,255,255,5,235.891,"Pugeuk",R,3,71,99,0.355,0.659,0.819,1.705,1.157,2.014,-36.692,44.373,41,59,0,2,0,-450,0,35.851,0,0,0,1,7,R,"うよすま",176.4,85.385,0.503,3,89,W,Y,237.077,170,51,104,54,25,145,113,25.358,41.381,0.8,0,0.399,61.412,313.684,-221.86,-0.117,-37.164,0,"Oort__Cloud",-0.013,-17.225,0,"Pring__",-21.285,-47.024,0,"Yaksok~",-15.147,-63.832,0,"ぐだもん",19.761,-45.531,0,"시즈카_Shizuka",4.779,-67.406,0,"AI",40.9,-90.65,0,"AI",0,-109.84,0,"AI",-40.8,-90.55,0,242.003,-74.217,-92.792,243.792,8,"AI",-68.96,-88.902,0,0,,,,,32,2
7,1,1,0,0,0,2,1,0,0,0,255,255,255,6,259.584,"Pugeuk",R,10,82,109,-0.735,-1.959,0.34,1.486,-0.329,1.047,-36.692,20.08,51,49,0,1,0,0,400,0.932,-0.181,-18.912,0,1,7,R,"うよすま",176.4,85.385,0.503,0,88,W,Y,0,0,0,0,0,0,0,0,0,0,0,0,0,0,0,0,0.076,-37.362,0,"Oort__Cloud",-0.184,-17.314,0,"Pring__",-21.383,-43.597,0,"Yaksok~",-15.854,-62.922,0,"ぐだもん",21.392,-48.32,0,"시즈카_Shizuka",4.135,-66.777,0,"AI",40.9,-90.65,0,"AI",0,-109.84,0,"AI",-40.8,-90.55,0,0,0,0,0,0,"",0,0,0,0,260.869,,,,0,0
8,1,1,0,0,1,2,1,0,0,0,255,255,255,7,273.422,"Pugeuk",R,29,92,140,-0.48,0.593,0.472,1.609,0.12,1.859,-36.692,22.409,56,44,0,2,0,-250,-101.06,18.192,0,0,1,1,7,R,"うよすま",176.4,85.385,0.503,3,88,W,Y,274.364,211,43,142,64,28,145,124,-4.572,8.591,0.73,0,0.325,-165.933,367.081,-116.154,0.129,-37.16,0,"Oort__Cloud",-0.016,-17.378,0,"Pring__",-20.964,-46.282,0,"Yaksok~",-16.019,-63.389,0,"ぐだもん",21.48,-48.508,0,"시즈카_Shizuka",3.957,-66.437,85,"AI",40.9,-90.65,0,"AI",0,-109.84,0,"AI",-40.8,-90.55,0,274.525,-2.006,-29.159,280.258,7,"AI",-17.405,-128.349,1,0,,,,,33,2
9,1,1,0,0,0,0,1,1,0,0,7,255,255,8,304.482,"Pugeuk",R,26,86,139,1.105,0.704,0.58,1.609,0.624,1.862,-36.692,28.015,50,50,0,0,0,-132.98,-158.703,8.391,0,0,0,2,2,R,"_Gosomi",175.4,85.099,0.49,0,89,W,Y,0,0,0,0,0,0,0,0,0,0,0,0,0,0,0,0,0.304,-37.254,120,"Oort__Cloud",-0.131,-17.591,0,"Pring__",-19.18,-39.913,0,"Yaksok~",-13.496,-60.651,0,"ぐだもん",21.653,-46.36,0,"시즈카_Shizuka",1.799,-67.903,0,"AI",40.9,-90.65,0,"AI",0,-109.84,0,"AI",-40.8,-90.55,0,0,0,0,0,0,"",0,0,0,0,305.846,,,,0,0
10,1,1,0,0,0,1,1,1,0,0,7,255,255,9,341.326,"Pugeuk",R,26,87,140,1.173,1.019,0.566,1.663,0.558,2.049,-36.692,22.84,55,45,0,2,0,-47.364,-154.338,17.646,0,0,1,2,2,R,"_Gosomi",175.4,85.099,0.49,3,89,W,Y,342.422,197,48,124,90,83,145,127,29.99,-22.218,0.5,0,0.37,86.362,-197.069,12.59,0.475,-36.842,0,"Oort__Cloud",0.01,-17.643,0,"Pring__",-17.707,-43.162,0,"Yaksok~",-12.712,-59.445,86,"ぐだもん",21.66,-47.791,0,"시즈카_Shizuka",4.01,-65.477,0,"AI",40.9,-90.65,0,"AI",0,-109.84,0,"AI",-40.8,-90.55,0,347.602,47.153,-120.544,348.813,6,"AI",45.647,-117.191,1,0,,348.591,353.659,,36,2
11,1,1,0,0,0,0,1,0,1,1,255,2,7,10,374.68,"Pugeuk",R,29,90,140,-1.789,0.264,0.34,1.546,-0.491,1.641,-36.692,18.311,60,40,0,4,0,-250,-127.636,17.445,0,0,1,3,4,R,"ddil_ddil69",176.3,89.899,0.397,0,88,W,Y,0,0,0,0,0,0,0,0,0,0,0,0,0,0,0,0,0.06,-37.868,0,"Oort__Cloud",-0.197,-17.64,0,"Pring__",-21.545,-44.69,0,"Yaksok~",-12.671,-61.224,0,"ぐだもん",18.852,-41.46,0,"시즈카_Shizuka",7.131,-64.417,0,"AI",40.9,-90.65,0,"AI",0,-109.84,0,"AI",-40.8,-90.55,0,0,0,0,0,0,"",0,0,0,0,376.179,377.203,377.854,,0,0
12,1,1,0,0,0,1,1,0,1,1,255,2,7,11,392.725,"Pugeuk",R,10,82,109,-0.351,-1.381,0.393,1.438,-0.164,1.393,-36.692,23.359,41,59,0,2,0,0,400,23.009,0,0,1,3,4,R,"ddil_ddil69",176.3,89.899,0.397,3,88,W,Y,393.91,255,106,164,100,24,145,104,10.618,-3.41,0.9,0,0.739,229.327,-242.499,6.746,0.042,-37.278,0,"Oort__Cloud",-0.156,-17.616,0,"Pring__",-20.9,-45.462,0,"Yaksok~",-12.67,-61.21,87,"ぐだもん",17.633,-43.567,0,"시즈카_Shizuka",3.898,-64.274,0,"AI",40.9,-90.65,0,"AI",0,-109.84,0,"AI",-40.8,-90.55,0,396.679,6.022,-85.572,398.923,7,"AI",9.463,-110.174,1,0,,,401.552,400.388,36,2
13,1,1,1,0,0,0,1,1,0,1,4,255,2,12,456.776,"Pugeuk",R,26,85,138,-0.704,-0.354,0.415,1.415,-0.145,1.217,-36.692,21.584,44,56,0,0,0,-143.186,-200,18.457,-0.703,-22.023,0,4,1,R,"하랑님_",190,83.552,0.22,0,88,W,Y,0,0,0,0,0,0,0,0,0,0,0,0,0,0,0,0,-0.029,-37.531,0,"Oort__Cloud",-0.274,-18.392,0,"Pring__",-18.912,-41.638,0,"Yaksok~",-11.669,-61.315,0,"ぐだもん",19.53,-43.714,0,"시즈카_Shizuka",3.85,-67.297,0,"AI",40.9,-90.65,0,"AI",0,-109.84,0,"AI",-40.8,-90.55,0,0,0,0,0,0,"",0,0,0,0,460.912,,,,0,0
14,1,1,1,0,0,1,1,1,0,1,4,255,2,13,479.663,"Pugeuk",R,13,69,97,-1.74,-0.76,0.444,1.547,-0.007,1.647,-36.692,23.722,44,56,0,4,0,-344.292,312.348,-3.335,0,0,1,4,1,R,"하랑님_",190,83.552,0.22,0,88,W,Y,0,0,0,0,0,0,0,0,0,0,0,0,0,0,0,0,0.335,-37.607,0,"Oort__Cloud",-0.169,-17.716,0,"Pring__",-18.004,-42.174,0,"Yaksok~",-11.93,-60.27,0,"ぐだもん",17.738,-43.162,0,"시즈카_Shizuka",2.119,-62.576,0,"AI",40.9,-90.65,0,"AI",0,-109.84,0,"AI",-40.8,-90.55,0,0,0,0,0,0,"",0,0,0,0,481.067,,,,0,0
15,1,1,1,0,0,2,1,1,0,1,4,255,2,14,495.558,"Pugeuk",R,29,96,140,-1.179,0.959,0.407,1.693,-0.182,2.116,-36.692,15.486,65,35,0,0,0,-250,-132.786,16.034,0,0,1,4,1,R,"하랑님_",190,83.552,0.22,0,88,W,Y,0,0,0,0,0,0,0,0,0,0,0,0,0,0,0,0,0.485,-37.626,0,"Oort__Cloud",-0.04,-17.679,0,"Pring__",-18.423,-43.152,0,"Yaksok~",-11.979,-60.457,0,"ぐだもん",18.94,-44.667,0,"시즈카_Shizuka",0.967,-63.184,0,"AI",40.9,-90.65,0,"AI",0,-109.84,0,"AI",-40.8,-90.55,0,0,0,0,0,0,"",0,0,0,0,496.833,,,,0,0
16,1,1,1,0,0,0,2,1,0,1,4,255,2,15,515.75,"Pugeuk",R,29,92,140,0.362,-1.501,0.517,1.293,0.33,0.664,-36.692,26.458,42,58,0,1,0,-157.118,-140.293,17.228,0,0,0,5,5,R,"k@ster",160,95.017,0.646,0,88,W,Y,0,0,0,0,0,0,0,0,0,0,0,0,0,0,0,0,0.475,-37.202,0,"Oort__Cloud",0.092,-17.767,0,"Pring__",-19.186,-41.388,0,"Yaksok~",-12.079,-60.42,0,"ぐだもん",18.478,-42.97,0,"시즈카_Shizuka",7.265,-64.232,0,"AI",40.9,-90.65,0,"AI",0,-109.84,0,"AI",-40.8,-90.55,0,0,0,0,0,0,"",0,0,0,0,516.867,,518.478,,0,0
17,1,1,1,0,1,0,2,1,0,1,4,255,2,16,550.597,"Pugeuk",R,27,84,137,1.436,0.353,0.592,1.547,0.679,1.643,-36.692,22.766,50,50,0,2,0,-50.958,-133.365,10.49,0,0,0,5,5,R,"k@ster",160,95.017,0.646,3,88,W,Y,551.479,112,68,68,39,20,135,74,-0.639,2.443,-0.87,0,0.085,301.773,228.536,-342.749,0.141,-37.14,0,"Oort__Cloud",0.03,-17.278,0,"Pring__",-19.087,-40.83,0,"Yaksok~",-14.775,-62.586,0,"ぐだもん",19.428,-41.875,0,"시즈카_Shizuka",7.303,-65.478,91,"AI",40.9,-90.65,0,"AI",0,-109.84,0,"AI",-40.8,-90.55,0,551.888,-0.515,-31.947,554.122,5,"시즈카_Shizuka",-0.408,-57.947,0,32,587.166,,,556.648,83,2
18,1,0,1,0,0,0,0,0,0,0,255,255,255,0,657.809,"하루（Haru）",R,26,91,140,-1.642,0.156,0.126,1.815,-0.824,1.528,-36.491,22.494,39,61,0,1,0,89.76,-164.148,16.067,0,0,0,0,3,R,"Yaksok~",173.3,80,0.332,0,87,W,Y,0,0,0,0,0,0,0,0,0,0,0,0,0,0,0,0,-0.572,-37.371,0,"하랑님_",0.006,-17.042,0,"_Gosomi",-22.455,-47.386,0,"seikka",-10.49,-61.56,0,"ddil_ddil69",18.799,-44.441,0,"k@ster",11.048,-66.12,0,"AI",40.9,-90.65,0,"うよすま",0.81,-114.605,0,"AI",-40.8,-90.55,0,0,0,0,0,0,"",0,0,0,0,658.887,,,,0,0
19,1,0,1,0,1,0,0,0,0,0,255,255,255,1,674.485,"하루（Haru）",R,26,85,137,-0.094,0.539,0.266,1.866,-0.174,1.71,-36.491,34.118,44,56,0,2,0,90.262,-198.532,15.784,0,0,1,0,3,R,"Yaksok~",173.3,80,0.332,3,54,W,Y,675.381,201,141,92,73,21,145,99,25.169,39.03,0.92,0,0.224,223.759,66.957,-34.531,-0.183,-37.048,0,"하랑님_",-0.101,-17.315,0,"_Gosomi",-21.713,-48.589,0,"seikka",-10.501,-61.633,0,"ddil_ddil69",20.03,-46.715,0,"k@ster",10.254,-65.971,85,"AI",40.9,-90.65,0,"うよすま",0.371,-114.003,0,"AI",-40.8,-90.55,0,679.687,-53.623,-82.587,684.298,5,"k@ster",-1.655,-59.87,0,0,,,,,96,1
20,1,0,1,0,0,0,1,0,0,0,255,255,255,2,704.691,"하루（Haru）",R,3,76,116,2.754,1.053,0.326,1.841,0.105,1.623,-36.491,46.784,16,84,0,2,0,-440.606,0,10.572,0,0,1,1,5,R,"시즈카_Shizuka",175.3,85.33,0.496,3,87,W,Y,705.856,165,100,74,109,52,145,124,-15.531,19.608,0.73,0,0.441,-179.213,438.249,-170.907,-0.602,-37.263,0,"하랑님_",-0.13,-17.287,0,"_Gosomi",-22.007,-48.634,70,"seikka",-12.61,-61.958,0,"ddil_ddil69",21.214,-47.582,0,"k@ster",8.974,-66.16,0,"AI",40.9,-90.65,0,"うよすま",6.422,-114.014,0,"AI",-40.8,-90.55,0,705.842,-1.331,-22.954,707.753,3,"seikka",-13.231,-55.671,0,0,,,,,69,2
21,1,0,1,0,0,0,2,0,0,0,255,255,255,3,736.957,"하루（Haru）",R,26,86,139,-1.008,-0.263,0.184,1.73,-0.553,1.266,-36.491,27.428,42,58,0,2,0,92.117,-200,17.379,0,0,1,2,2,L,"Pring__",190,93.089,0.485,3,87,W,Y,737.888,210,170,108,87,44,145,112,-29.748,-37.133,0.91,0,0.425,-156.083,-353.435,127.517,0.07,-37.324,0,"하랑님_",-0.226,-17.401,0,"_Gosomi",-19.502,-46.172,0,"seikka",-11.561,-63.888,0,"ddil_ddil69",19.193,-44.87,108,"k@ster",16.512,-63.591,0,"AI",40.9,-90.65,0,"うよすま",10.102,-123.471,0,"AI",-40.8,-90.55,0,737.909,0.883,-20.094,739.52,4,"ddil_ddil69",17.161,-41.447,0,0,,,,,44,2
22,2,1,1,0,0,0,0,0,0,0,255,255,255,17,817.718,"Pugeuk",R,14,87,111,2.266,-0.72,0.514,1.698,0.211,1.541,-36.692,23.744,56,44,0,4,0,407.657,289.51,19.532,0.76,-17.768,1,6,0,L,"하루（Haru）",190,85.172,0.403,0,87,W,Y,0,0,0,0,0,0,0,0,0,0,0,0,0,0,0,0,0.324,-37.28,0,"Oort__Cloud",0.14,-17.587,0,"Pring__",-20.299,-46.242,0,"Yaksok~",-16.27,-62.929,0,"ぐだもん",19.754,-44.049,0,"시즈카_Shizuka",11.292,-64.388,0,"AI",40.9,-90.65,0,"AI",0,-109.84,0,"AI",-40.8,-90.55,0,0,0,0,0,0,"",0,0,0,0,820.919,,,,0,0
23,2,1,1,0,0,1,0,0,0,0,255,255,255,18,832.917,"Pugeuk",R,3,68,97,1.085,-0.027,0.863,1.732,1.292,1.615,-36.692,39.718,54,46,0,0,0,-440.909,0,74.606,0,0,0,6,0,L,"하루（Haru）",190,85.172,0.403,0,87,W,Y,0,0,0,0,0,0,0,0,0,0,0,0,0,0,0,0,0.195,-37.66,0,"Oort__Cloud",0.074,-17.44,0,"Pring__",-20.361,-46.309,0,"Yaksok~",-16.217,-63.046,0,"ぐだもん",19.738,-44.259,0,"시즈카_Shizuka",11.219,-64.447,0,"AI",40.9,-90.65,0,"AI",0,-109.84,0,"AI",-40.8,-90.55,0,0,0,0,0,0,"",0,0,0,0,834.486,,,,0,0
24,2,1,1,0,0,2,0,0,0,0,255,255,255,19,846.137,"Pugeuk",R,29,87,140,-0.73,0.21,0.444,1.556,-0.009,1.674,-36.692,27.428,61,39,0,2,0,-242.332,-82.928,27.51,0,0,1,6,0,L,"하루（Haru）",190,85.172,0.403,3,87,W,Y,847.212,155,52,108,56,54,145,90,14.125,-39.955,-0.84,0,0.186,-114.982,-517.347,280.031,0.25,-37.468,0,"Oort__Cloud",-0.081,-17.459,0,"Pring__",-20.235,-46.068,0,"Yaksok~",-15.874,-63.18,0,"ぐだもん",19.474,-43.881,59,"시즈카_Shizuka",11.382,-65.071,0,"AI",40.9,-90.65,0,"AI",0,-109.84,0,"AI",-40.8,-90.55,0,0,0,0,849.019,4,"ぐだもん",20.771,-42.563,0,0,,,,,34,1
25,2,1,1,0,0,0,1,0,0,0,255,255,255,20,865.389,"Pugeuk",R,29,83,135,0.689,0.448,0.572,1.578,0.587,1.75,-36.692,37.79,56,44,0,0,0,-212.369,-125.147,16.958,0,0,0,0,3,R,"seikka",178.3,90,0.397,0,87,W,Y,0,0,0,0,0,0,0,0,0,0,0,0,0,0,0,0,-0.005,-37.182,0,"Oort__Cloud",0.101,-17.605,0,"Pring__",-21.172,-46.387,0,"Yaksok~",-16.143,-62.865,0,"ぐだもん",21.395,-45.459,0,"시즈카_Shizuka",5.166,-66.507,0,"AI",40.9,-90.65,0,"AI",0,-109.84,0,"AI",-40.8,-90.55,0,0,0,0,0,0,"",0,0,0,0,866.874,,,,0,0
26,2,1,1,0,0,1,1,0,0,0,255,255,255,21,880.432,"Pugeuk",R,13,78,104,-0.815,-0.789,0.535,1.577,0.276,1.716,-36.692,26.748,46,54,0,0,0,-320.349,367.687,-7.58,-0.481,-16.539,1,0,3,R,"seikka",178.3,90,0.397,0,87,W,Y,0,0,0,0,0,0,0,0,0,0,0,0,0,0,0,0,-0.126,-37.483,0,"Oort__Cloud",-0.036,-17.591,0,"Pring__",-21.264,-46.456,0,"Yaksok~",-15.964,-62.935,0,"ぐだもん",20.013,-45.365,0,"시즈카_Shizuka",4.826,-66.428,0,"AI",40.9,-90.65,0,"AI",0,-109.84,0,"AI",-40.8,-90.55,0,0,0,0,0,0,"",0,0,0,0,882.107,,,,0,0
27,2,1,1,0,0,2,1,0,0,0,255,255,255,22,894.904,"Pugeuk",R,29,87,140,-2.822,0.757,0.254,1.842,-0.893,1.972,-36.692,21.617,98,2,0,1,0,-250,-78.687,12.446,0,0,0,0,3,R,"seikka",178.3,90,0.397,0,87,W,Y,0,0,0,0,0,0,0,0,0,0,0,0,0,0,0,0,0.246,-37.583,0,"Oort__Cloud",-0.279,-17.128,0,"Pring__",-21.284,-46.469,0,"Yaksok~",-15.595,-63.081,0,"ぐだもん",20.022,-45.3,0,"시즈카_Shizuka",4.52,-66.262,0,"AI",40.9,-90.65,0,"AI",0,-109.84,0,"AI",-40.8,-90.55,0,0,0,0,0,0,"",0,0,0,0,896.429,,,,0,0
28,2,1,1,0,1,2,1,0,0,0,255,255,255,23,907.057,"Pugeuk",R,6,79,116,-2.284,1.031,0.044,1.91,-1.869,2.205,-36.692,20.184,92,8,0,2,0,500,0,15.884,0,0,0,0,3,R,"seikka",178.3,90,0.397,3,87,W,Y,908.273,255,28,27,0,0,37,41,-37.602,-9.121,0.43,0,0.293,-153.863,534.233,-207.25,0.07,-37.045,0,"Oort__Cloud",-0.321,-17.121,0,"Pring__",-21.104,-46.502,85,"Yaksok~",-15.604,-63.342,0,"ぐだもん",19.994,-45.322,0,"시즈카_Shizuka",4.495,-66.29,0,"AI",40.9,-90.65,0,"AI",0,-109.84,0,"AI",-40.8,-90.55,0,908.44,-0.187,-21.142,910.429,0,"Pugeuk",1.963,-33.569,0,0,,,,,36,2
29,2,1,1,0,0,0,2,0,0,0,255,255,255,24,929.766,"Pugeuk",R,27,93,140,1.85,0.642,0.583,1.604,0.638,1.842,-36.692,30.102,46,54,0,2,0,112.207,-149.257,25.414,0,0,1,1,7,R,"うよすま",176.4,85.385,0.503,3,87,W,Y,930.757,215,47,68,32,21,137,81,-47.735,38.378,-0.83,0,0.217,-217.269,379.711,-124.144,0.706,-36.817,0,"Oort__Cloud",-0.031,-17.486,0,"Pring__",-21.484,-46.807,0,"Yaksok~",-15.624,-63.4,0,"ぐだもん",19.299,-47.637,0,"시즈카_Shizuka",8.27,-64.159,0,"AI",40.9,-90.65,0,"AI",0,-109.84,0,"AI",-40.8,-90.55,0,930.673,-0.419,-20.534,932.873,2,"Pring__",-16.746,-40.884,0,0,,,,,76,2
30,2,0,1,0,0,0,0,0,0,0,255,255,255,4,980.073,"하루（Haru）",R,26,98,140,-3.058,-1.364,-0.003,1.525,-1.424,0.6,-36.491,14.885,40,60,0,1,0,78.628,-172.29,17.392,0,0,0,3,1,R,"Oort__Cloud",190,80,0.2,0,87,W,Y,0,0,0,0,0,0,0,0,0,0,0,0,0,0,0,0,-0.091,-37.27,0,"하랑님_",-0.25,-16.994,0,"_Gosomi",-21.465,-47.641,0,"seikka",-12.532,-63.452,0,"ddil_ddil69",15.23,-40.162,0,"k@ster",10.214,-66.093,0,"AI",40.9,-90.65,0,"うよすま",-5.347,-118.515,0,"AI",-40.8,-90.55,0,0,0,0,0,0,"",0,0,0,0,981.484,,,,0,0
31,2,0,1,0,1,0,0,0,0,0,255,255,255,5,995.471,"하루（Haru）",R,27,87,140,-0.034,-0.25,0.285,1.753,-0.083,1.34,-36.491,33.272,49,51,0,0,0,44.096,-122.573,7.005,0,0,1,3,1,R,"Oort__Cloud",190,80,0.2,0,87,W,Y,0,0,0,0,0,0,0,0,0,0,0,0,0,0,0,0,-0.12,-37.006,0,"하랑님_",-0.023,-17.023,0,"_Gosomi",-21.517,-47.551,0,"seikka",-13.024,-64.101,0,"ddil_ddil69",16.902,-49.434,0,"k@ster",10.213,-66.112,0,"AI",40.9,-90.65,0,"うよすま",-5.935,-120.196,0,"AI",-40.8,-90.55,0,0,0,0,0,0,"",0,0,0,0,996.817,,,,0,0
32,2,0,1,0,1,1,0,0,0,0,255,255,255,6,1012.152,"하루（Haru）",R,3,75,115,-2.279,0.175,0.244,1.869,-0.275,1.715,-36.491,43.003,79,21,0,2,0,-421.785,0,12.016,0,0,1,3,1,R,"Oort__Cloud",190,80,0.2,3,87,W,Y,1013.341,255,146,180,40,3,145,106,30.502,42.471,0.91,0,1.076,202.865,-310.931,224.363,-0.024,-36.865,0,"하랑님_",-0.137,-17.069,0,"_Gosomi",-23.823,-49.703,0,"seikka",-13.025,-64.137,0,"ddil_ddil69",21.088,-46.117,0,"k@ster",9.051,-65.912,82,"AI",40.9,-90.65,0,"うよすま",-4.469,-117.489,0,"AI",-40.8,-90.55,0,1018.061,-58.508,-92.581,1023.006,5,"k@ster",-1.462,-59.971,0,0,,,,,96,1
33,2,0,1,0,0,0,1,0,0,0,255,255,255,7,1044.439,"하루（Haru）",R,22,88,131,-2.623,-1.225,0.122,1.686,-0.842,1.075,-36.491,21.769,32,68,0,2,0,-242.475,197.028,7.339,0,0,1,4,4,L,"ぐだもん",174.5,80,0.528,3,87,W,Y,1045.276,255,173,94,89,44,145,99,-12.854,27.833,-0.08,0,0.145,349.875,126.087,36.908,-0.485,-36.867,0,"하랑님_",-0.152,-17.145,0,"_Gosomi",-21.045,-49.355,79,"seikka",-12.939,-64.067,0,"ddil_ddil69",19.568,-45.4,0,"k@ster",12.905,-64.335,0,"AI",40.9,-90.65,0,"うよすま",4.81,-111.554,0,"AI",-40.8,-90.55,0,1045.317,-1.561,-21.938,1046.95,2,"_Gosomi",-16.093,-45.501,0,0,,,,,68,2
34,2,0,1,0,0,0,2,0,0,0,255,255,255,8,1071.625,"하루（Haru）",R,26,89,140,0.098,-0.498,0.283,1.695,-0.093,1.151,-36.491,23.665,28,72,0,0,0,95.723,-163.038,14.245,0,0,1,5,0,L,"Pugeuk",190,86.201,0.347,0,85,W,Y,0,0,0,0,0,0,0,0,0,0,0,0,0,0,0,0,-0.2,-37.052,0,"하랑님_",-0.063,-17.224,0,"_Gosomi",-20.656,-46.688,0,"seikka",-13.151,-62.006,0,"ddil_ddil69",18.968,-44.435,0,"k@ster",14.919,-64.002,0,"AI",40.9,-90.65,0,"うよすま",5.21,-116.982,0,"AI",-40.8,-90.55,0,0,0,0,0,0,"",0,0,0,0,1072.972,,,,0,0
35,2,0,1,0,0,1,2,0,0,0,255,255,255,9,1085.989,"하루（Haru）",R,26,87,140,1.164,0.215,0.387,1.83,0.389,1.587,-36.491,28.761,43,57,0,0,0,79.236,-175.308,19.19,0,0,1,5,0,L,"Pugeuk",190,86.201,0.347,0,85,W,Y,0,0,0,0,0,0,0,0,0,0,0,0,0,0,0,0,-0.005,-36.945,0,"하랑님_",-0.044,-17.123,0,"_Gosomi",-20.918,-47.112,0,"seikka",-13.122,-62.022,0,"ddil_ddil69",18.893,-44.502,0,"k@ster",14.722,-64.049,0,"AI",40.9,-90.65,0,"うよすま",5.002,-116.524,0,"AI",-40.8,-90.55,0,0,0,0,0,0,"",0,0,0,0,1087.316,,,,0,0
36,2,0,1,0,0,2,2,0,0,0,255,255,255,10,1101.425,"하루（Haru）",R,26,94,140,0.685,-0.367,0.33,1.711,0.125,1.202,-36.491,23.08,34,66,0,2,0,122.191,-200,16.878,0,0,1,5,0,L,"Pugeuk",190,86.201,0.347,3,85,W,Y,1102.514,188,73,109,65,34,145,90,-43.775,13.724,-0.82,0,0.476,-356.304,278.887,18.48,0.134,-37.334,0,"하랑님_",-0.189,-17.394,0,"_Gosomi",-21.295,-47.827,0,"seikka",-13.136,-62.065,86,"ddil_ddil69",18.883,-44.419,0,"k@ster",13.115,-64.054,0,"AI",40.9,-90.65,0,"うよすま",5.966,-115.947,0,"AI",-40.8,-90.55,0,1102.449,-0.07,-20.583,1105.305,3,"seikka",-6.769,-55.144,0,0,,,,,37,2
37,3,1,1,0,0,0,0,0,0,0,255,255,255,25,1151.247,"Pugeuk",R,3,77,103,0.721,0.517,0.809,1.862,1.125,1.916,-36.692,40.274,76,23,1,2,0,-468.182,0,67.97,0,0,1,2,2,R,"_Gosomi",175.4,85.099,0.49,3,87,W,Y,1152.401,233,122,74,151,111,145,113,-30,32.612,0.88,0,0.508,75.785,-186.671,-77.188,0.08,-37.184,0,"Oort__Cloud",0.019,-17.551,0,"Pring__",-21.805,-47.4,86,"Yaksok~",-15.643,-63.543,0,"ぐだもん",20.518,-49.319,0,"시즈카_Shizuka",4.027,-67.167,0,"AI",40.9,-90.65,0,"AI",0,-109.84,0,"AI",-40.8,-90.55,0,1152.393,-1.049,-23.089,1154.027,2,"Pring__",-15.74,-46.774,0,0,1185.804,,,,46,2
38,3,1,1,0,0,0,1,0,0,0,255,255,255,26,1214.871,"Pugeuk",R,26,84,137,-2.692,0.828,0.479,1.452,0.151,1.312,-36.692,31.07,50,50,0,2,0,-116.452,-163.559,16.475,0,0,1,3,4,R,"ddil_ddil69",176.3,89.899,0.397,3,42,W,Y,1216.009,255,132,99,86,39,145,127,27.368,-11.38,0.42,0,0.668,-59.676,62.791,-277.274,0.355,-36.829,0,"Oort__Cloud",-0.105,-17.615,0,"Pring__",-21.186,-47.251,0,"Yaksok~",-14.694,-63.617,0,"ぐだもん",20.74,-45.903,0,"시즈카_Shizuka",7.142,-65.831,85,"AI",40.9,-90.65,0,"AI",0,-109.84,0,"AI",-40.8,-90.55,0,1220.826,20.853,-127.144,1222.693,7,"AI",20.873,-129.291,1,0,,1227.512,,,34,2
39,3,1,1,0,0,0,1,0,1,0,255,4,255,27,1249.443,"Pugeuk",R,29,93,140,0.825,0.429,0.566,1.492,0.665,1.714,-36.692,28.537,51,49,0,0,0,-250,-200,37.644,0,0,0,4,1,R,"하랑님_",190,89.705,0.331,0,87,W,Y,0,0,0,0,0,0,0,0,0,0,0,0,0,0,0,0,-0.229,-37.894,0,"Oort__Cloud",0.149,-17.699,0,"Pring__",-21.039,-47.065,0,"Yaksok~",-12.517,-61.195,0,"ぐだもん",19.453,-44.114,0,"시즈카_Shizuka",3.678,-63.332,0,"AI",40.9,-90.65,0,"AI",0,-109.84,0,"AI",-40.8,-90.55,0,0,0,0,0,0,"",0,0,0,0,1250.792,1250.008,,,0,0
40,3,1,1,0,0,1,1,0,1,0,255,4,255,28,1265.845,"Pugeuk",R,6,82,120,-0.468,-0.358,0.224,1.467,-1.034,1.386,-36.692,12.435,57,43,0,0,0,500,0,39.317,1.007,-21.499,0,4,1,R,"하랑님_",190,89.705,0.331,0,87,W,Y,0,0,0,0,0,0,0,0,0,0,0,0,0,0,0,0,0.248,-37.178,0,"Oort__Cloud",0.002,-17.481,0,"Pring__",-21.133,-46.992,0,"Yaksok~",-12.526,-61.196,0,"ぐだもん",19.3,-45.564,0,"시즈카_Shizuka",6.759,-65.617,0,"AI",40.9,-90.65,0,"AI",0,-109.84,0,"AI",-40.8,-90.55,0,0,0,0,0,0,"",0,0,0,0,1269.692,,,,0,0
41,3,1,1,0,0,2,1,0,1,0,255,4,255,29,1284.71,"Pugeuk",R,10,68,99,2.887,0.613,0.867,2.058,1.244,2.611,-36.692,50.656,86,14,0,1,0,-5.5,400,-7.539,0,0,0,4,1,R,"하랑님_",190,89.705,0.331,0,87,W,Y,0,0,0,0,0,0,0,0,0,0,0,0,0,0,0,0,0.257,-37.751,0,"Oort__Cloud",0.241,-17.546,0,"Pring__",-21.153,-47.033,0,"Yaksok~",-12.654,-60.854,0,"ぐだもん",20.581,-44.521,0,"시즈카_Shizuka",2.296,-60.95,0,"AI",40.9,-90.65,0,"AI",0,-109.84,0,"AI",-40.8,-90.55,0,0,0,0,0,0,"",0,0,0,0,1286.292,1288.199,,,0,0
42,3,1,1,0,0,0,2,0,1,0,255,4,255,30,1311.495,"Pugeuk",R,14,82,120,-0.631,0.205,0.237,1.664,-0.972,2.092,-36.692,12.877,56,44,0,2,0,412.913,281.963,9.125,0,0,0,5,5,R,"k@ster",160,95.017,0.646,3,87,W,Y,1312.504,141,77,67,55,39,137,88,-20.95,-8.522,-0.09,0,0.158,-312.53,460.45,-151.535,0.037,-36.988,0,"Oort__Cloud",0.037,-17.257,0,"Pring__",-21.115,-46.972,94,"Yaksok~",-14.588,-63.929,0,"ぐだもん",18.429,-45.372,69,"시즈카_Shizuka",2.702,-65.014,107,"AI",40.9,-90.65,0,"AI",0,-109.84,0,"AI",-40.8,-90.55,0,1312.358,0.023,-21.782,1315.036,5,"시즈카_Shizuka",8.425,-61.133,1,0,,,1320.809,,54,2
43,3,1,1,0,0,0,2,1,0,1,5,255,4,31,1343.487,"Pugeuk",R,6,90,113,1.473,-0.016,0.36,1.559,-0.267,1.672,-36.692,10.278,59,41,0,1,0,497.485,50.09,21.568,1.022,-11.249,0,6,0,L,"하루（Haru）",190,85.172,0.403,0,87,W,Y,0,0,0,0,0,0,0,0,0,0,0,0,0,0,0,0,0.345,-37.443,0,"Oort__Cloud",0.466,-17.913,0,"Pring__",-19.307,-41.215,0,"Yaksok~",-9.442,-63.281,0,"ぐだもん",19.766,-43.441,0,"시즈카_Shizuka",10.709,-64.854,0,"AI",40.9,-90.65,0,"AI",0,-109.84,0,"AI",-40.8,-90.55,0,0,0,0,0,0,"",0,0,0,0,1349.58,,,,0,0
44,3,1,1,0,1,0,2,1,0,1,5,255,4,32,1366.9,"Pugeuk",R,26,77,128,1.413,1.495,0.572,1.767,0.585,2.357,-36.692,30.042,88,12,0,4,0,8.825,-200,52.008,0,0,1,6,0,L,"하루（Haru）",190,85.172,0.403,0,87,W,Y,0,0,0,0,0,0,0,0,0,0,0,0,0,0,0,0,0.331,-37.407,0,"Oort__Cloud",0.198,-17.504,0,"Pring__",-19.037,-41.249,0,"Yaksok~",-8.531,-63.212,0,"ぐだもん",19.451,-42.369,0,"시즈카_Shizuka",11.948,-63.905,0,"AI",40.9,-90.65,0,"AI",0,-109.84,0,"AI",-40.8,-90.55,0,0,0,0,0,0,"",0,0,0,0,1368.358,,1370.207,,0,0
45,3,1,1,0,1,1,2,1,0,1,5,255,4,33,1386.576,"Pugeuk",R,6,76,102,1.361,0.579,0.325,1.706,-0.374,1.991,-36.692,14.478,65,35,0,2,0,463.636,0,14.302,0,0,1,6,0,L,"하루（Haru）",190,85.172,0.403,3,87,W,Y,1387.811,165,201,92,93,53,145,130,35.688,-25.071,0.46,0,0.22,-136.519,-411.773,-162.882,0.42,-37.383,0,"Oort__Cloud",0.039,-17.453,0,"Pring__",-17.865,-43.651,0,"Yaksok~",-8.882,-62.477,89,"ぐだもん",19.148,-43.501,0,"시즈카_Shizuka",8.17,-62.85,0,"AI",40.9,-90.65,0,"AI",0,-109.84,0,"AI",-40.8,-90.55,0,1393.113,55.696,-113.564,1394.013,6,"AI",53.136,-112.48,1,0,,1392.325,1386.508,1396.338,33,2
46,3,1,2,0,0,0,2,0,1,1,255,0,5,34,1417.004,"Pugeuk",R,29,86,140,1.001,0.197,0.595,1.544,0.693,1.633,-36.692,31.298,58,42,0,0,0,-207.744,-98.417,28.367,0,0,0,0,3,R,"seikka",178.3,90,0.397,0,87,W,Y,0,0,0,0,0,0,0,0,0,0,0,0,0,0,0,0,0.273,-37.525,0,"Oort__Cloud",0.116,-17.493,0,"Pring__",-21.543,-47.678,0,"Yaksok~",-13.845,-64.083,0,"ぐだもん",19.229,-40.012,0,"시즈카_Shizuka",7.82,-63.88,0,"AI",40.9,-90.65,0,"AI",0,-109.84,0,"AI",-40.8,-90.55,0,0,0,0,0,0,"",0,0,0,0,1418.491,1419.958,1419.701,,0,0
47,3,1,2,0,0,1,2,0,1,1,255,0,5,35,1430.601,"Pugeuk",R,29,89,140,0.065,-0.788,0.52,1.364,0.344,1.013,-36.692,33.671,51,49,0,0,0,-247.404,-144.325,25.04,0,0,1,0,3,R,"seikka",178.3,90,0.397,0,87,W,Y,0,0,0,0,0,0,0,0,0,0,0,0,0,0,0,0,0.166,-37.305,0,"Oort__Cloud",0.05,-17.462,0,"Pring__",-21.294,-47.849,0,"Yaksok~",-13.288,-63.633,0,"ぐだもん",19.927,-40.914,0,"시즈카_Shizuka",4.104,-62.677,0,"AI",40.9,-90.65,0,"AI",0,-109.84,0,"AI",-40.8,-90.55,0,0,0,0,0,0,"",0,0,0,0,1432.124,1433.49,1433.467,,0,0
48,3,1,2,0,0,2,2,0,1,1,255,0,5,36,1443.6,"Pugeuk",R,6,84,108,0.039,0.228,0.147,1.598,-0.927,1.765,-36.692,8.49,60,40,0,2,0,490.838,8.485,16.827,0,0,0,0,3,R,"seikka",178.3,90,0.397,3,87,W,Y,1444.919,244,72,57,52,9,137,81,34.459,-12.452,-0.86,0,0.42,-172.735,-296.607,100.937,0.191,-37.246,0,"Oort__Cloud",-0.101,-17.232,0,"Pring__",-21.422,-47.556,0,"Yaksok~",-13.002,-63.201,83,"ぐだもん",18.196,-43.225,0,"시즈카_Shizuka",2.626,-62.258,0,"AI",40.9,-90.65,0,"AI",0,-109.84,0,"AI",-40.8,-90.55,0,1449.579,17.374,-80.17,1451.001,6,"AI",20.595,-88.779,1,0,,,1449.269,1450.373,33,2
49,3,1,4,0,0,0,2,1,0,0,3,255,255,37,1471.993,"Pugeuk",R,29,89,140,1.239,0.831,0.626,1.643,0.836,1.978,-36.692,34.27,64,36,0,2,0,-232.002,-120.958,21.633,0,0,1,1,7,R,"うよすま",176.4,85.385,0.503,3,87,W,Y,1473.003,108,29,157,29,0,137,109,27.754,-35.396,0.15,0,0.405,20.278,160.658,-7.826,0.214,-36.818,0,"Oort__Cloud",0.001,-17.075,0,"Pring__",-18.918,-43.567,0,"Yaksok~",-14.009,-61.599,0,"ぐだもん",20.578,-49.024,0,"시즈카_Shizuka",8.968,-65.243,0,"AI",40.9,-90.65,0,"AI",0,-109.84,0,"AI",-40.8,-90.55,0,1477.601,51.931,-98.053,0,0,"",0,0,0,0,,1478.808,,,64,1
50,3,0,4,0,0,0,0,0,0,0,255,255,255,11,1514.389,"하루（Haru）",R,13,29,74,-0.815,-0.381,0.395,2.001,0.284,2.012,-36.491,77.573,100,0,0,0,0,-262.656,312.348,-75.317,0,0,1,0,3,R,"Yaksok~",173.3,80,0.332,0,87,W,Y,0,0,0,0,0,0,0,0,0,0,0,0,0,0,0,0,-0.042,-37.149,0,"하랑님_",-0.148,-17.048,0,"_Gosomi",-22.44,-46.377,0,"seikka",-12.892,-60.108,0,"ddil_ddil69",17.727,-60.767,0,"k@ster",9.276,-65.73,0,"AI",40.9,-90.65,0,"うよすま",2.896,-115.099,0,"AI",-40.8,-90.55,0,0,0,0,0,0,"",0,0,0,0,1516.023,,,,0,0
51,3,0,4,0,0,1,0,0,0,0,255,255,255,12,1532.448,"하루（Haru）",R,28,80,131,0.745,1.787,0.358,2.095,0.254,2.522,-36.491,51.427,82,17,1,2,0,41.143,-87.315,2.936,0,0,1,0,3,R,"Yaksok~",173.3,80,0.332,3,53,W,Y,1533.401,194,133,75,64,33,144,126,31.98,-22.799,0.32,0,0.227,460.997,148.087,288.897,0.362,-37.053,0,"하랑님_",-0.076,-17.071,0,"_Gosomi",-23.245,-48.58,0,"seikka",-14.847,-62.211,0,"ddil_ddil69",20.998,-58.121,0,"k@ster",10.414,-66.45,0,"AI",40.9,-90.65,0,"うよすま",1.083,-114.614,0,"AI",-40.8,-90.55,0,1539.367,41.222,-129.913,0,0,"",0,0,0,0,,1543.308,1548.245,,64,4
52,3,0,4,1,0,0,0,0,0,0,255,255,255,13,1578.692,"하루（Haru）",R,13,16,67,-0.798,0.514,0.316,2.282,0.04,2.665,-36.491,75.741,100,0,0,0,0,-161.887,398.425,-73.781,0,0,0,1,5,R,"시즈카_Shizuka",175.3,85.33,0.496,0,50,W,Y,0,0,0,0,0,0,0,0,0,0,0,0,0,0,0,0,-0.37,-37.086,0,"하랑님_",-0.061,-17.061,0,"_Gosomi",-22.838,-49.237,0,"seikka",-13.524,-63.735,0,"ddil_ddil69",14.926,-41.061,0,"k@ster",9.263,-66.849,0,"AI",40.9,-90.65,0,"うよすま",3.974,-115.9,0,"AI",-40.8,-90.55,0,0,0,0,0,0,"",0,0,0,0,1580.633,,,,0,0
53,3,0,4,1,0,1,0,0,0,0,255,255,255,14,1595.37,"하루（Haru）",R,27,86,140,0.466,0.88,0.327,1.941,0.109,1.974,-36.491,46.014,88,12,0,2,0,62.656,-138.5,2.494,0,0,1,1,5,R,"시즈카_Shizuka",175.3,85.33,0.496,3,50,W,Y,1596.483,241,10,115,60,7,145,117,-30,38.23,0.16,0,0.334,-261.683,510.779,-48.06,-0.475,-36.916,0,"하랑님_",-0.074,-17.169,0,"_Gosomi",-23.189,-49.549,86,"seikka",-13.51,-63.703,0,"ddil_ddil69",16.883,-42.189,0,"k@ster",7.724,-66.447,0,"AI",40.9,-90.65,0,"うよすま",3.947,-112.355,0,"AI",-40.8,-90.55,0,1596.444,-1.36,-20.587,1598.044,2,"_Gosomi",-20.357,-44.309,0,0,,,,,68,2
54,3,0,4,1,0,0,1,0,0,0,255,255,255,15,1621.551,"하루（Haru）",R,4,78,123,1.296,0.502,0.487,1.932,0.853,1.918,-36.491,50.794,69,31,0,2,0,-192.188,8.27,7.214,0,0,1,2,2,L,"Pring__",190,93.089,0.485,3,87,W,Y,1622.558,193,133,62,106,86,138,127,26.611,11.578,0.3,0,0.466,283.868,-405.356,-33.49,0.089,-37.59,0,"하랑님_",-0.028,-17.19,0,"_Gosomi",-21.808,-48.641,0,"seikka",-11.91,-61.718,0,"ddil_ddil69",18.299,-43.64,0,"k@ster",13.408,-64.157,81,"AI",40.9,-90.65,0,"うよすま",9.842,-124.498,116,"AI",-40.8,-90.55,0,0,0,0,1628.011,7,"うよすま",-12.371,-131.556,0,0,,,,,98,1
55,3,0,4,1,0,0,2,0,0,0,255,255,255,16,1655.283,"하루（Haru）",R,10,90,128,0.337,-0.99,0.333,1.771,0.137,1.398,-36.491,35.014,94,6,0,2,0,0,400,3.63,0,0,1,3,1,R,"Oort__Cloud",190,80,0.2,3,87,W,Y,1656.395,255,195,248,51,0,145,130,25.766,34.956,0.66,0,0.801,161.151,-12.189,391.53,-0.554,-37.248,0,"하랑님_",-0.109,-17.203,0,"_Gosomi",-22.776,-49.247,0,"seikka",-12.204,-64.569,85,"ddil_ddil69",18.875,-44.215,0,"k@ster",9.335,-65.828,0,"AI",40.9,-90.65,0,"うよすま",-3.546,-115.425,0,"AI",-40.8,-90.55,0,1661.077,-59.261,-106.507,1661.788,8,"AI",-57.311,-105.066,1,0,,,,,65,2
56,3,0,4,1,0,0,2,1,0,0,11,255,255,17,1686.024,"하루（Haru）",R,26,90,140,-2.084,-0.248,0.092,1.748,-0.981,1.294,-36.491,32.495,39,61,0,2,0,52.166,-167.497,6.587,0,0,1,4,4,L,"ぐだもん",174.5,80,0.528,3,87,W,Y,1686.949,255,58,119,35,27,145,95,-87.876,-86.195,-0.31,0,0.178,-150.542,-311.758,-52.171,-0.48,-37.103,0,"하랑님_",-0.367,-17.31,0,"_Gosomi",-19.57,-43.121,0,"seikka",-11.484,-63.039,0,"ddil_ddil69",19.132,-44.618,0,"k@ster",16.219,-63.364,0,"AI",40.9,-90.65,0,"うよすま",6.964,-116.986,0,"AI",-40.8,-90.55,0,1686.999,0.081,-19.314,0,0,"",0,0,0,0,,,,,64,3
57,3,0,4,1,0,1,2,1,0,0,11,255,255,18,1704.993,"하루（Haru）",R,27,68,121,3.519,1.365,0.6,2.016,1.38,2.237,-36.491,82.946,81,19,0,4,0,83.815,-127.348,-0.709,0,0,1,4,4,L,"ぐだもん",174.5,80,0.528,0,87,W,Y,0,0,0,0,0,0,0,0,0,0,0,0,0,0,0,0,-0.576,-36.935,0,"하랑님_",-0.015,-17.439,0,"_Gosomi",-20.738,-43.645,0,"seikka",-10.276,-64.642,0,"ddil_ddil69",19.763,-44.896,0,"k@ster",13.275,-63.904,0,"AI",40.9,-90.65,0,"うよすま",5.601,-115.02,0,"AI",-40.8,-90.55,0,0,0,0,0,0,"",0,0,0,0,1706.232,,,,0,0
58,3,0,4,1,0,2,2,1,0,0,11,255,255,19,1725.59,"하루（Haru）",R,27,78,129,-1.45,0.582,0.222,1.883,-0.379,1.769,-36.491,52.198,94,6,0,2,0,36.949,-148.719,1.562,0,0,1,4,4,L,"ぐだもん",174.5,80,0.528,3,87,W,Y,1726.51,207,114,54,59,36,137,97,0.572,-43.919,0.03,0,0.244,-38.199,-555.955,36.042,-0.496,-37.05,0,"하랑님_",-0.24,-17.48,0,"_Gosomi",-20.757,-42.393,0,"seikka",-8.361,-64.462,0,"ddil_ddil69",19.528,-44.658,0,"k@ster",16.395,-63.376,0,"AI",40.9,-90.65,0,"うよすま",5.643,-118.377,0,"AI",-40.8,-90.55,0,1727.165,13.452,-32.927,1728.354,4,"ddil_ddil69",21.333,-40.667,0,0,,,,,76,2
59,3,0,4,1,0,2,2,1,0,0,11,255,255,20,1751.293,"하루（Haru）",R,28,68,121,3.113,0.753,0.623,1.903,1.489,1.839,-36.491,68.505,72,28,0,2,0,96.181,-99.759,1.031,0,0,1,4,4,L,"ぐだもん",174.5,80,0.528,3,87,W,Y,1752.238,255,56,64,95,22,139,126,-23.969,-43.09,0.59,0,0.323,269.511,-278.17,-254.084,-0.592,-36.824,0,"하랑님_",0.224,-17.468,0,"_Gosomi",-20.058,-45.457,0,"seikka",-10.37,-64.839,0,"ddil_ddil69",19.989,-45.099,0,"k@ster",16.067,-63.21,0,"AI",40.9,-90.65,0,"うよすま",8.555,-116.944,0,"AI",-40.8,-90.55,0,1752.298,3.23,-22.409,1753.798,4,"ddil_ddil69",17.983,-41.497,0,0,,1756.976,,,44,2
60,4,1,4,1,0,0,0,0,0,0,255,255,255,38,1801.243,"Pugeuk",R,29,84,136,-0.173,-0.689,0.5,1.587,0.253,1.081,-36.692,31.934,60,40,0,0,0,-241.022,-121.302,19.343,-0.239,-20.634,0,2,2,R,"_Gosomi",175.4,85.099,0.49,0,87,W,Y,0,0,0,0,0,0,0,0,0,0,0,0,0,0,0,0,0.141,-37.177,0,"Oort__Cloud",-0.097,-18.366,0,"Pring__",-21.874,-47.3,0,"Yaksok~",-15.113,-63.737,0,"ぐだもん",22.655,-49.2,0,"시즈카_Shizuka",5.744,-66.732,0,"AI",40.9,-90.65,0,"AI",0,-109.84,0,"AI",-40.8,-90.55,0,0,0,0,0,0,"",0,0,0,0,1804.953,,,,0,0
61,4,1,4,1,0,1,0,0,0,0,255,255,255,39,1816.857,"Pugeuk",R,3,75,102,0.705,0.177,0.853,1.78,1.262,1.723,-36.692,39.554,84,16,0,2,0,-463.636,0,45.56,0,0,1,2,2,R,"_Gosomi",175.4,85.099,0.49,3,87,W,Y,1818.057,255,114,88,118,135,145,127,12.942,35.912,0.31,0,0.578,88.062,-188.385,-94.353,-0.107,-37.477,0,"Oort__Cloud",0.062,-17.334,0,"Pring__",-21.694,-47.154,0,"Yaksok~",-15.12,-63.749,0,"ぐだもん",23.134,-48.528,0,"시즈카_Shizuka",4.888,-66.334,0,"AI",40.9,-90.65,0,"AI",0,-109.84,0,"AI",-40.8,-90.55,0,1821.231,-49.757,-94.928,1826.875,4,"ddil_ddil69",-3.84,-42.924,0,0,,,,,32,1
62,4,1,4,1,0,0,1,0,0,0,255,255,255,40,1840.857,"Pugeuk",R,6,85,109,1.79,0.127,0.392,1.762,-0.167,1.682,-36.692,15.697,55,45,0,4,0,495.455,0,11.081,2.815,-20.138,1,3,4,R,"ddil_ddil69",176.3,89.899,0.397,0,87,W,Y,0,0,0,0,0,0,0,0,0,0,0,0,0,0,0,0,0.307,-37.871,0,"Oort__Cloud",0.351,-17.823,0,"Pring__",-20.991,-46.894,0,"Yaksok~",-15.85,-62.905,0,"ぐだもん",21.491,-45.297,0,"시즈카_Shizuka",10.344,-64.794,0,"AI",40.9,-90.65,0,"AI",0,-109.84,0,"AI",-40.8,-90.55,0,0,0,0,0,0,"",0,0,0,0,1845.375,,,,0,0
63,4,1,4,1,0,1,1,0,0,0,255,255,255,41,1858.793,"Pugeuk",R,14,90,113,1.747,-1.182,0.46,1.617,0.043,1.345,-36.692,18.417,60,40,0,2,0,390.434,312.348,5.47,0,0,1,3,4,R,"ddil_ddil69",176.3,89.899,0.397,3,42,W,Y,1860.093,255,85,113,117,51,145,115,-25.911,-10.913,0.13,0,0.636,36.192,-522.803,-223.445,0.518,-37.349,0,"Oort__Cloud",0.002,-17.472,0,"Pring__",-21.109,-46.913,85,"Yaksok~",-15.219,-63.251,0,"ぐだもん",21.883,-46.595,0,"시즈카_Shizuka",10.723,-64.579,0,"AI",40.9,-90.65,0,"AI",0,-109.84,0,"AI",-40.8,-90.55,0,1860.164,0.5,-20.391,1862.386,5,"시즈카_Shizuka",13,-59.073,0,0,,,,,38,2
64,4,1,4,1,0,0,2,0,0,0,255,255,255,42,1881.948,"Pugeuk",R,6,86,110,1.851,-0.055,0.401,1.716,-0.14,1.58,-36.692,18.559,57,43,0,1,0,500,0,19.772,0,0,0,4,1,R,"하랑님_",190,83.705,0.222,0,87,W,Y,0,0,0,0,0,0,0,0,0,0,0,0,0,0,0,0,0.512,-37.121,0,"Oort__Cloud",0.137,-17.394,0,"Pring__",-21.762,-47.866,0,"Yaksok~",-14.793,-63.956,0,"ぐだもん",21.368,-46.869,0,"시즈카_Shizuka",9.807,-65.842,0,"AI",40.9,-90.65,0,"AI",0,-109.84,0,"AI",-40.8,-90.55,0,0,0,0,0,0,"",0,0,0,0,1883.319,,,,0,0
65,4,1,4,1,1,0,2,0,0,0,255,255,255,43,1895.391,"Pugeuk",R,6,76,103,-4.75,0.177,-0.154,1.772,-3.023,1.73,-36.692,16.341,94,6,0,1,0,468.182,0,20.771,0,0,0,4,1,R,"하랑님_",190,83.705,0.222,0,87,W,Y,0,0,0,0,0,0,0,0,0,0,0,0,0,0,0,0,0.147,-37.252,0,"Oort__Cloud",-0.52,-16.764,0,"Pring__",-21.652,-47.804,0,"Yaksok~",-14.791,-63.962,0,"ぐだもん",21.232,-46.659,0,"시즈카_Shizuka",8.805,-66.016,0,"AI",40.9,-90.65,0,"AI",0,-109.84,0,"AI",-40.8,-90.55,0,0,0,0,0,0,"",0,0,0,0,1897.041,,,,0,0
66,4,1,4,1,2,0,2,0,0,0,255,255,255,44,1910.322,"Pugeuk",R,29,80,130,-3.49,1.202,0.199,1.915,-1.149,2.189,-36.692,23.536,91,9,0,1,0,-250,-179.493,3.89,0,0,0,4,1,R,"하랑님_",190,83.705,0.222,0,87,W,Y,0,0,0,0,0,0,0,0,0,0,0,0,0,0,0,0,0.546,-36.952,0,"Oort__Cloud",-0.298,-16.729,0,"Pring__",-21.886,-47.632,0,"Yaksok~",-14.792,-63.953,0,"ぐだもん",21.259,-46.662,0,"시즈카_Shizuka",9.109,-66.187,0,"AI",40.9,-90.65,0,"AI",0,-109.84,0,"AI",-40.8,-90.55,0,0,0,0,0,0,"",0,0,0,0,1911.586,,,,0,0
67,4,1,4,1,3,0,2,0,0,0,255,255,255,45,1924.616,"Pugeuk",R,43,44,89,-0.695,-0.977,0.43,1.487,-0.05,1.086,-36.692,24.442,46,54,0,1,0,-110.076,34.422,15.139,0,0,0,4,1,R,"하랑님_",190,83.705,0.222,0,87,W,Y,0,0,0,0,0,0,0,0,0,0,0,0,0,0,0,0,0.33,-37.476,0,"Oort__Cloud",0.003,-17.509,0,"Pring__",-21.716,-47.715,0,"Yaksok~",-14.79,-63.946,0,"ぐだもん",21.286,-46.646,0,"시즈카_Shizuka",9.105,-65.03,0,"AI",40.9,-90.65,0,"AI",0,-109.84,0,"AI",-40.8,-90.55,0,0,0,0,0,0,"",0,0,0,0,1926.197,,,,0,5
68,4,1,4,1,0,0,2,1,0,0,1,255,255,46,1977.225,"Pugeuk",R,29,93,140,1.771,-0.177,0.669,1.464,1.036,1.324,-36.692,31.988,54,46,0,2,0,-207.656,-176.181,18.101,0,0,0,5,5,R,"k@ster",160,95.017,0.646,3,87,W,Y,1978.162,139,52,64,28,10,133,105,-13.197,32.759,0.08,0,0.073,1.937,170.117,-152.54,0.223,-37.079,0,"Oort__Cloud",0.017,-17.202,0,"Pring__",-19.139,-41.359,120,"Yaksok~",-14.808,-64.04,0,"ぐだもん",21.32,-46.788,0,"시즈카_Shizuka",8.612,-65.757,93,"AI",40.9,-90.65,0,"AI",0,-109.84,0,"AI",-40.8,-90.55,0,1978.063,-1.599,-22.107,1979.563,2,"Pring__",-14.117,-44.382,1,16,,1983.52,,,70,2
69,4,0,4,1,0,0,0,0,0,0,255,255,255,21,2020.418,"하루（Haru）",R,26,82,134,-0.57,0.244,0.233,1.837,-0.327,1.611,-36.491,36.868,44,56,0,2,0,50.482,-158.822,10.992,0,0,1,5,0,L,"Pugeuk",190,86.201,0.347,3,84,W,Y,2021.542,255,98,105,62,35,145,89,-44.763,-50.725,-0.9,0,0.558,75.332,538.347,41.982,0.112,-37.076,0,"하랑님_",-0.118,-17.436,0,"_Gosomi",-21.107,-48.6,0,"seikka",-11.814,-64.47,0,"ddil_ddil69",20.524,-46.006,89,"k@ster",15.785,-63.822,0,"AI",40.9,-90.65,0,"うよすま",8.341,-123.279,0,"AI",-40.8,-90.55,0,2021.551,1.126,-20.379,2024.196,4,"ddil_ddil69",24.48,-39.141,0,0,,,,,72,2
70,4,0,4,1,0,1,0,0,0,0,255,255,255,22,2038.625,"하루（Haru）",R,28,84,136,-1.879,0.959,0.261,1.896,-0.197,1.801,-36.491,35.863,86,14,0,2,0,56.699,-72.527,6.436,0,0,1,5,0,L,"Pugeuk",190,86.201,0.347,3,84,W,Y,2039.689,251,9,84,32,17,139,87,-29.166,43.609,-0.79,0,0.302,-477.643,-130.764,338.76,-0.178,-36.705,0,"하랑님_",-0.137,-17.495,0,"_Gosomi",-19.468,-47.152,81,"seikka",-13.183,-64.255,0,"ddil_ddil69",20.578,-45.866,0,"k@ster",13.93,-63.527,0,"AI",40.9,-90.65,0,"うよすま",8.28,-121.246,0,"AI",-40.8,-90.55,0,2039.707,-1.206,-21.591,2041.584,2,"_Gosomi",-19.353,-39.992,0,0,,,,,68,2
71,4,0,4,1,0,0,1,0,0,0,255,255,255,23,2061.989,"하루（Haru）",R,26,89,140,-2.884,-0.329,0.016,1.734,-1.337,1.24,-36.491,17.287,42,58,0,1,0,59.269,-176.91,19.067,0,0,0,0,3,R,"Yaksok~",173.3,80,0.332,0,87,W,Y,0,0,0,0,0,0,0,0,0,0,0,0,0,0,0,0,-0.343,-36.977,0,"하랑님_",-0.508,-17.105,0,"_Gosomi",-23.389,-48.725,0,"seikka",-12.811,-64.201,0,"ddil_ddil69",20.366,-45.553,0,"k@ster",10.291,-66.28,0,"AI",40.9,-90.65,0,"うよすま",7.888,-116.087,0,"AI",-40.8,-90.55,0,0,0,0,0,0,"",0,0,0,0,2063.151,,,,0,0
72,4,0,4,1,1,0,1,0,0,0,255,255,255,24,2077.717,"하루（Haru）",R,33,92,127,-2.956,-2.691,-0.171,1.09,-1.47,-0.147,-36.491,34.915,29,32,39,1,0,127.223,-103.448,39.495,-0.653,-17.837,0,0,3,R,"Yaksok~",173.3,80,0.332,0,54,W,Y,0,0,0,0,0,0,0,0,0,0,0,0,0,0,0,0,-0.225,-37.01,0,"하랑님_",-0.752,-16.834,0,"_Gosomi",-23.081,-48.16,0,"seikka",-12.886,-64.263,0,"ddil_ddil69",20.463,-45.617,0,"k@ster",10.302,-66.303,0,"AI",40.9,-90.65,0,"うよすま",7.502,-117.224,0,"AI",-40.8,-90.55,0,0,0,0,0,0,"",0,0,0,0,2080.595,,,,0,0
73,4,0,4,1,2,0,1,0,0,0,255,255,255,25,2094.05,"하루（Haru）",R,28,78,116,-2.312,-1.734,-0.046,1.375,-1.082,0.529,-36.491,26.598,38,62,0,1,0,44.425,-74.93,8.421,0,0,0,0,3,R,"Yaksok~",173.3,80,0.332,0,54,W,Y,0,0,0,0,0,0,0,0,0,0,0,0,0,0,0,0,-0.586,-37.425,0,"하랑님_",-0.555,-17.172,0,"_Gosomi",-22.988,-48.286,0,"seikka",-12.854,-64.317,0,"ddil_ddil69",20.443,-45.565,0,"k@ster",10.108,-66.254,0,"AI",40.9,-90.65,0,"うよすま",6.934,-116.808,0,"AI",-40.8,-90.55,0,0,0,0,0,0,"",0,0,0,0,2095.395,,,,0,0
74,4,0,4,1,3,0,1,0,0,0,255,255,255,26,2111.516,"하루（Haru）",R,27,87,123,0.136,-0.379,0.299,1.665,-0.014,1.216,-36.491,26.208,49,51,0,0,0,40.684,-148.133,14.819,0,0,1,0,3,R,"Yaksok~",173.3,80,0.332,0,54,W,Y,0,0,0,0,0,0,0,0,0,0,0,0,0,0,0,0,0.2,-37.125,0,"하랑님_",-0.137,-17.383,0,"_Gosomi",-23.013,-48.051,0,"seikka",-12.871,-64.221,0,"ddil_ddil69",20.452,-45.596,0,"k@ster",10.265,-66.227,0,"AI",40.9,-90.65,0,"うよすま",4.165,-112.909,0,"AI",-40.8,-90.55,0,0,0,0,0,0,"",0,0,0,0,2112.695,,,,0,0
75,4,0,4,1,3,1,1,0,0,0,255,255,255,27,2125.506,"하루（Haru）",R,5,73,122,-0.242,0.083,0.312,1.844,0.042,1.632,-36.491,40.073,77,23,0,2,0,-98.603,0,7.957,0,0,1,0,3,R,"Yaksok~",173.3,80,0.332,3,54,W,Y,2126.502,198,117,79,80,44,145,126,-15.766,29.007,0.56,0,0.2,-223.275,347.18,-260.663,-0.238,-36.593,0,"하랑님_",-0.108,-17.46,0,"_Gosomi",-22.353,-48.438,0,"seikka",-12.926,-64.304,0,"ddil_ddil69",20.32,-45.45,0,"k@ster",8.68,-65.891,67,"AI",40.9,-90.65,0,"うよすま",2.946,-113.08,0,"AI",-40.8,-90.55,0,2126.406,-1.611,-22.093,2129.406,8,"AI",-34.494,-83.032,1,0,,,,,96,2
76,4,0,4,1,0,0,1,1,0,0,13,255,255,28,2153.84,"하루（Haru）",R,5,74,124,2.378,0.462,0.313,1.888,0.046,1.787,-36.491,61.391,87,13,0,2,0,-61.918,2.16,4.713,0,0,1,1,5,R,"시즈카_Shizuka",175.3,85.33,0.496,3,50,W,Y,2154.986,216,90,97,96,45,145,93,6.086,8.479,-0.41,0,0.484,-120.932,553.331,142.967,-0.647,-37.322,0,"하랑님_",-0.117,-17.576,0,"_Gosomi",-21.61,-47.23,87,"seikka",-9.455,-62.234,110,"ddil_ddil69",19.946,-45.079,0,"k@ster",8.808,-65.949,0,"AI",40.9,-90.65,0,"うよすま",-3.562,-112.845,0,"AI",-40.8,-90.55,0,2156.328,-6.668,-52.383,2157.172,3,"seikka",-7.609,-55.46,1,0,,2160.242,,2164.086,69,2
77,4,0,4,1,0,0,2,1,0,0,15,255,255,29,2189.47,"하루（Haru）",R,26,77,128,0.962,1.126,0.364,1.993,0.283,2.116,-36.491,59.249,84,16,0,2,0,51.028,-167.896,3.194,0,0,1,2,2,L,"Pring__",190,93.089,0.485,3,87,W,Y,2190.442,201,104,87,108,77,145,130,28.138,-9.422,0.3,0,0.429,282.938,-401.412,9.904,-0.473,-37.317,0,"하랑님_",-0.061,-17.355,0,"_Gosomi",-19.97,-45.908,0,"seikka",-10.907,-62.988,0,"ddil_ddil69",13.795,-38.709,0,"k@ster",13.615,-63.476,0,"AI",40.9,-90.65,0,"うよすま",7.639,-122.534,0,"AI",-40.8,-90.55,0,2196.105,31.051,-135.23,0,0,"",0,0,0,0,,2195.144,2200.14,2205.748,64,4
78,4,0,4,3,0,0,2,0,0,0,255,255,255,30,2234.089,"하루（Haru）",R,1,55,110,-0.471,-0.368,0.239,1.756,-0.296,1.348,-36.491,31.553,0,100,0,0,0,-3.98,-4.58,8.275,0,0,1,3,1,R,"Oort__Cloud",190,80,0.2,0,87,W,Y,0,0,0,0,0,0,0,0,0,0,0,0,0,0,0,0,-0.335,-37.221,0,"하랑님_",-0.009,-16.805,0,"_Gosomi",-21.545,-47.306,0,"seikka",-13.891,-64.271,0,"ddil_ddil69",19.072,-46.461,0,"k@ster",9.622,-66.274,0,"AI",40.9,-90.65,0,"うよすま",-3.85,-118.538,0,"AI",-40.8,-90.55,0,0,0,0,0,0,"",0,0,0,0,2235.582,,,,0,0
79,4,0,4,3,0,1,2,0,0,0,255,255,255,31,2251.592,"하루（Haru）",R,38,33,84,-0.823,-0.9,0.183,1.585,-0.374,1.082,-36.491,58.993,53,47,0,0,0,3.808,5.177,5.162,0,0,0,3,1,R,"Oort__Cloud",190,80,0.2,0,87,W,Y,0,0,0,0,0,0,0,0,0,0,0,0,0,0,0,0,-0.248,-36.592,0,"하랑님_",-0.12,-17.181,0,"_Gosomi",-22.469,-47.725,0,"seikka",-13.449,-63.543,0,"ddil_ddil69",19.842,-45.908,0,"k@ster",9.436,-66.2,0,"AI",40.9,-90.65,0,"うよすま",-4.347,-119.198,0,"AI",-40.8,-90.55,0,0,0,0,0,0,"",0,0,0,0,2253.282,,,,0,0
80,4,0,4,3,0,2,2,0,0,0,255,255,255,32,2269.169,"하루（Haru）",R,26,91,140,-3.63,0.018,-0.047,1.797,-1.631,1.482,-36.491,21.892,89,11,0,1,0,37.388,-151.944,8.659,0,0,0,3,1,R,"Oort__Cloud",190,80,0.2,0,87,W,Y,0,0,0,0,0,0,0,0,0,0,0,0,0,0,0,0,-0.299,-37.435,0,"하랑님_",-0.758,-16.667,0,"_Gosomi",-21.018,-45.569,0,"seikka",-13.454,-63.56,0,"ddil_ddil69",19.846,-45.918,0,"k@ster",9.39,-66.222,0,"AI",40.9,-90.65,0,"うよすま",-5.322,-118.951,0,"AI",-40.8,-90.55,0,0,0,0,0,0,"",0,0,0,0,2270.604,,,,0,0
81,5,1,4,3,0,0,0,0,0,0,255,255,255,47,2321.157,"Pugeuk",R,6,87,111,0.315,0.478,0.191,1.882,-0.791,1.938,-36.692,24.045,95,5,0,0,0,499.526,21.758,6.384,0,0,1,6,0,L,"하루（Haru）",190,85.172,0.403,0,87,W,Y,0,0,0,0,0,0,0,0,0,0,0,0,0,0,0,0,0.528,-37.175,0,"Oort__Cloud",0.128,-17.849,0,"Pring__",-20.392,-45.714,0,"Yaksok~",-13.205,-63.992,0,"ぐだもん",21.986,-47.537,0,"시즈카_Shizuka",13.238,-64.337,0,"AI",40.9,-90.65,0,"AI",0,-109.84,0,"HANA_ARASHI",-37.204,-88.445,0,0,0,0,0,0,"",0,0,0,0,2322.715,,,,0,0
82,5,1,4,3,0,1,0,0,0,0,255,255,255,48,2336.518,"Pugeuk",R,13,74,101,0.834,-0.787,0.809,1.736,1.126,1.624,-36.692,39.749,44,56,0,0,0,-355.792,315.985,35.528,-0.236,-17.042,1,6,0,L,"하루（Haru）",190,85.172,0.403,0,87,W,Y,0,0,0,0,0,0,0,0,0,0,0,0,0,0,0,0,0.043,-37.652,0,"Oort__Cloud",0.045,-17.775,0,"Pring__",-20.385,-45.686,0,"Yaksok~",-14.479,-63.899,0,"ぐだもん",21.957,-47.251,0,"시즈카_Shizuka",12.751,-64.616,0,"AI",40.9,-90.65,0,"AI",0,-109.84,0,"HANA_ARASHI",-37.524,-98.396,0,0,0,0,0,0,"",0,0,0,0,2338.126,,,,0,0
83,5,1,4,3,0,2,0,0,0,0,255,255,255,49,2371.982,"Pugeuk",R,43,47,91,1.042,-1.101,0.674,1.511,0.707,1.138,-36.692,24.777,53,47,0,4,0,-115.275,114.309,7.97,0,0,1,6,0,L,"하루（Haru）",190,95.172,0.403,0,87,W,Y,0,0,0,0,0,0,0,0,0,0,0,0,0,0,0,0,0.269,-37.806,0,"Oort__Cloud",0.07,-17.849,0,"Pring__",-20.305,-44.415,0,"Yaksok~",-13.105,-63.137,0,"ぐだもん",20.93,-46.546,0,"시즈카_Shizuka",13.171,-65.418,0,"AI",40.9,-90.65,0,"AI",0,-109.84,0,"HANA_ARASHI",-39.735,-99.319,0,0,0,0,0,0,"",0,0,0,0,2373.647,,,,0,0
84,5,1,4,3,0,0,1,0,0,0,255,255,255,50,2392.586,"Pugeuk",R,10,80,108,2.403,0.204,0.776,1.834,1.024,2.307,-36.692,34.14,90,10,0,1,0,0,400,-10.508,0.733,-18.671,0,0,3,R,"seikka",178.3,90,0.397,0,87,W,Y,0,0,0,0,0,0,0,0,0,0,0,0,0,0,0,0,0.432,-37.743,0,"Oort__Cloud",0.083,-17.632,0,"Pring__",-20.83,-46.743,0,"Yaksok~",-14.801,-63.977,0,"ぐだもん",20.337,-47.659,0,"시즈카_Shizuka",9.136,-66.279,0,"AI",40.9,-90.65,0,"AI",0,-109.84,0,"HANA_ARASHI",-40.581,-99.451,0,0,0,0,0,0,"",0,0,0,0,2395.581,,,,0,0
85,5,1,4,3,1,0,1,0,0,0,255,255,255,51,2407.564,"Pugeuk",R,29,92,140,-0.761,-0.501,0.445,1.418,-0.003,1.198,-36.692,28.658,59,41,0,0,0,-250,-127.599,20.979,0,0,0,0,3,R,"seikka",178.3,90,0.397,0,87,W,Y,0,0,0,0,0,0,0,0,0,0,0,0,0,0,0,0,0.318,-36.868,0,"Oort__Cloud",-0.116,-17.297,0,"Pring__",-20.695,-46.731,0,"Yaksok~",-14.452,-63.445,0,"ぐだもん",20.839,-46.73,0,"시즈카_Shizuka",8.583,-66.366,0,"AI",40.9,-90.65,0,"AI",0,-109.84,0,"HANA_ARASHI",-43.002,-89.655,0,0,0,0,0,0,"",0,0,0,0,2409.069,,,,0,0
86,5,1,4,3,1,1,1,0,0,0,255,255,255,52,2423.206,"Pugeuk",R,10,80,108,-0.625,-0.917,0.355,1.746,-0.282,1.645,-36.692,17.424,57,43,0,2,0,0,400,2.697,0,0,0,0,3,R,"seikka",178.3,90,0.397,3,87,W,Y,2424.485,53,255,98,93,38,102,72,25.055,45.739,0.01,0,0.39,-96.173,-117.463,-47.565,-0.158,-37.406,0,"Oort__Cloud",-0.137,-17.662,0,"Pring__",-20.651,-46.628,87,"Yaksok~",-14.975,-63.851,0,"ぐだもん",20.723,-46.595,0,"시즈카_Shizuka",8.378,-65.781,0,"AI",40.9,-90.65,0,"AI",0,-109.84,0,"HANA_ARASHI",-42.642,-88.987,0,0,0,0,2427.002,2,"Pring__",-24.623,-44.217,0,0,,,,,36,1
87,5,1,4,3,0,0,2,0,0,0,255,255,255,53,2444.712,"Pugeuk",R,6,90,113,0.26,0.043,0.19,1.756,-0.794,1.667,-36.692,19.786,53,47,0,2,0,499.227,27.797,22.065,0,0,1,1,7,R,"うよすま",176.4,85.385,0.503,3,87,W,Y,2445.772,116,229,145,118,63,137,97,23.279,43.239,0.91,0,0.463,-26.001,108.106,49.387,0.514,-37.183,0,"Oort__Cloud",-0.152,-17.446,0,"Pring__",-21.098,-47.064,0,"Yaksok~",-16.118,-63.016,0,"ぐだもん",21.997,-47.294,75,"시즈카_Shizuka",8.384,-66.07,0,"AI",40.9,-90.65,0,"AI",0,-109.84,0,"HANA_ARASHI",-38.411,-87.095,130,2449.169,-49.134,-70.761,2453.947,8,"HANA_ARASHI",-70.975,-91.68,1,0,,2455.852,2464.137,,112,2
88,5,1,4,3,0,0,2,0,0,1,255,255,7,54,2490.076,"Pugeuk",R,29,84,136,-3.133,0.52,0.206,1.597,-1.118,1.818,-36.692,14.593,61,39,0,1,0,-177.326,-91.476,13.768,0,0,0,2,2,R,"_Gosomi",175.4,85.099,0.49,0,87,W,Y,0,0,0,0,0,0,0,0,0,0,0,0,0,0,0,0,0.214,-37.318,0,"Oort__Cloud",-0.168,-17.089,0,"Pring__",-20.528,-46.454,0,"Yaksok~",-16.015,-62.734,0,"ぐだもん",19.48,-42.17,0,"시즈카_Shizuka",4.181,-67.154,0,"AI",40.9,-90.65,0,"AI",0,-109.84,0,"HANA_ARASHI",-42.122,-92.252,0,0,0,0,0,0,"",0,0,0,0,2491.469,,2492.893,,0,0
89,5,1,4,3,1,0,2,0,0,1,255,255,7,55,2526.629,"Pugeuk",R,29,86,139,-1.23,0.076,0.402,1.518,-0.203,1.542,-36.692,23.521,55,45,0,0,0,-250,-114.374,18.691,0,0,1,2,2,R,"_Gosomi",175.4,85.099,0.49,0,87,W,Y,0,0,0,0,0,0,0,0,0,0,0,0,0,0,0,0,0.158,-37.372,0,"Oort__Cloud",-0.134,-17.353,0,"Pring__",-20.713,-46.267,0,"Yaksok~",-15.536,-62.471,0,"ぐだもん",19.525,-41.083,0,"시즈카_Shizuka",6.546,-66.659,0,"AI",40.9,-90.65,0,"AI",0,-109.84,0,"HANA_ARASHI",-40.222,-92.445,0,0,0,0,0,0,"",0,0,0,0,2528.046,,2529.489,,0,0
90,5,1,4,3,1,1,2,0,0,1,255,255,7,56,2543.951,"Pugeuk",R,10,76,105,-0.962,-1.756,0.308,1.559,-0.427,1.207,-36.692,14.653,51,49,0,1,0,0,400,6.995,0,0,0,2,2,R,"_Gosomi",175.4,85.099,0.49,0,87,W,Y,0,0,0,0,0,0,0,0,0,0,0,0,0,0,0,0,0.278,-37.726,0,"Oort__Cloud",0.031,-17.922,0,"Pring__",-20.697,-46.331,0,"Yaksok~",-15.534,-62.66,0,"ぐだもん",19.141,-41.995,0,"시즈카_Shizuka",6.252,-66.97,0,"AI",40.9,-90.65,0,"AI",0,-109.84,0,"HANA_ARASHI",-40.439,-91.616,0,0,0,0,0,0,"",0,0,0,0,2545.468,,2546.912,,0,0
91,5,1,4,3,2,1,2,0,0,1,255,255,7,57,2559.471,"Pugeuk",R,6,85,109,-0.959,-0.36,0.105,1.642,-1.367,1.401,-36.692,8.823,62,38,0,0,0,495.455,0,26.5,0.097,-18.939,0,2,2,R,"_Gosomi",175.4,85.099,0.49,0,87,W,Y,0,0,0,0,0,0,0,0,0,0,0,0,0,0,0,0,0.39,-37.549,0,"Oort__Cloud",0.161,-18.424,0,"Pring__",-20.785,-46.289,0,"Yaksok~",-15.706,-63.053,0,"ぐだもん",19.299,-41.485,0,"시즈카_Shizuka",6.679,-66.482,0,"AI",40.9,-90.65,0,"AI",0,-109.84,0,"HANA_ARASHI",-38.331,-95.17,0,0,0,0,0,0,"",0,0,0,0,2562.746,,2562.581,,0,0
92,5,1,4,3,2,2,2,0,0,1,255,255,7,58,2598.789,"Pugeuk",R,29,92,140,-0.238,1.91,0.492,1.808,0.212,2.558,-36.692,28.897,95,5,0,4,0,-250,-161.239,27.039,0,0,1,2,2,R,"_Gosomi",175.4,85.099,0.49,0,87,W,Y,0,0,0,0,0,0,0,0,0,0,0,0,0,0,0,0,0.479,-36.977,0,"Oort__Cloud",-0.062,-17.192,0,"Pring__",-20.659,-46.424,0,"Yaksok~",-15.498,-63.036,0,"ぐだもん",18.413,-42.497,0,"시즈카_Shizuka",6.718,-66.682,0,"AI",40.9,-90.65,0,"AI",0,-109.84,0,"HANA_ARASHI",-38.773,-92.67,0,0,0,0,0,0,"",0,0,0,0,2600.056,,2601.527,,0,0
93,5,0,4,3,0,0,0,0,0,0,255,255,255,33,2640.945,"하루（Haru）",R,4,13,66,1.175,1.059,0.517,2.123,1.051,2.311,-36.491,78.917,100,0,0,0,0,-234.651,0,-29.378,0,0,0,4,4,L,"ぐだもん",174.5,80,0.528,0,87,W,Y,0,0,0,0,0,0,0,0,0,0,0,0,0,0,0,0,-0.097,-36.839,0,"하랑님_",-0.03,-17.279,0,"_Gosomi",-20.957,-47.208,0,"seikka",-13.399,-64.378,0,"ddil_ddil69",19.241,-44.49,0,"k@ster",15.18,-63.902,0,"AI",40.9,-90.65,0,"うよすま",6.856,-116.764,0,"AI",-40.8,-90.55,0,0,0,0,0,0,"",0,0,0,0,2642.745,,,,0,0
94,5,0,4,3,0,1,0,0,0,0,255,255,255,34,2659.134,"하루（Haru）",R,28,87,140,0.988,0.671,0.372,1.916,0.32,1.886,-36.491,39.692,81,19,0,2,0,73.614,-98.628,6.945,0,0,1,4,4,L,"ぐだもん",174.5,80,0.528,3,87,W,Y,2660.212,224,65,64,70,41,139,126,26.081,-38.861,0.42,0,0.253,377.052,-111.525,6.615,0.07,-37.31,0,"하랑님_",-0.079,-17.093,0,"_Gosomi",-21.856,-47.3,0,"seikka",-13.349,-64.476,0,"ddil_ddil69",19.365,-44.59,0,"k@ster",16.853,-63.545,0,"AI",40.9,-90.65,0,"うよすま",4.122,-117.69,0,"AI",-40.8,-90.55,0,2665.122,75.03,-107.059,0,0,"",0,0,0,0,,2669.743,2674.89,,64,4
95,5,0,4,4,0,0,0,0,0,0,255,255,255,35,2697.168,"하루（Haru）",R,0,72,123,0.562,-0.252,0.354,1.783,0.238,1.438,-36.491,55.476,28,72,0,0,0,-2.525,0,6.032,0,0,0,5,0,L,"Pugeuk",190,86.201,0.347,0,87,W,Y,0,0,0,0,0,0,0,0,0,0,0,0,0,0,0,0,-0.418,-36.931,0,"하랑님_",-0.021,-16.964,0,"_Gosomi",-20.826,-46.614,0,"seikka",-11.133,-64,0,"ddil_ddil69",20.278,-45.649,0,"k@ster",15.027,-63.936,0,"AI",40.9,-90.65,0,"うよすま",8.429,-122.74,0,"AI",-40.8,-90.55,0,0,0,0,0,0,"",0,0,0,0,2698.467,,,,0,0
96,5,0,4,4,0,1,0,0,0,0,255,255,255,36,2713.443,"하루（Haru）",R,26,84,136,0.198,-0.512,0.288,1.686,-0.069,1.123,-36.491,32.076,28,72,0,2,0,104.92,-180.663,13.694,0,0,1,5,0,L,"Pugeuk",190,86.201,0.347,3,87,W,Y,2714.531,255,62,107,56,26,145,95,-76.824,-66.933,-0.58,0,0.582,-40.668,350.005,157.909,-0.402,-37.358,0,"하랑님_",-0.112,-16.987,0,"_Gosomi",-20.671,-46.542,0,"seikka",-10.881,-63.869,0,"ddil_ddil69",20.31,-45.647,78,"k@ster",16.654,-63.357,0,"AI",40.9,-90.65,0,"うよすま",8.336,-121.368,0,"AI",-40.8,-90.55,0,2714.388,0.452,-20.447,2726,3,"seikka",22.624,-35.158,0,0,,,,,72,2
97,5,0,4,4,0,2,0,0,0,0,255,255,255,37,2743.049,"하루（Haru）",R,0,53,109,1.935,-0.758,0.481,1.691,0.828,1.138,-36.491,49.235,0,100,0,2,0,0,0,3.81,0,0,1,5,0,L,"Pugeuk",190,86.201,0.347,3,83,W,Y,2744.238,255,84,130,84,31,145,130,29.428,-41.28,0.67,0,0.694,442.789,106.5,-187.108,-0.64,-37.216,0,"하랑님_",0,-17.335,0,"_Gosomi",-21.59,-47.835,0,"seikka",-13.829,-63.768,0,"ddil_ddil69",16.209,-39.513,0,"k@ster",16.969,-63.276,0,"AI",40.9,-90.65,0,"うよすま",8.59,-121.341,0,"AI",-40.8,-90.55,0,2749.166,77.085,-109.223,0,0,"",0,0,0,0,,2754.319,2759.58,,64,4
98,5,0,4,5,0,0,0,0,0,0,255,255,255,38,2780.917,"하루（Haru）",R,26,92,140,-0.667,-0.29,0.213,1.729,-0.419,1.26,-36.491,23.899,36,64,0,2,0,104.879,-188.7,14.771,0,0,1,6,8,R,"HANA_ARASHI",190,90,0.25,3,87,W,Y,2781.928,187,78,124,86,0,145,111,26.613,45.81,0.89,0,0.599,103.322,64.682,-2.994,-0.293,-37.481,0,"하랑님_",-0.125,-17.068,0,"_Gosomi",-22.393,-48.09,0,"seikka",-12.232,-63.8,0,"ddil_ddil69",19.946,-45.335,0,"k@ster",9.976,-65.768,0,"AI",40.9,-90.65,0,"うよすま",-6.866,-120.618,0,"AI",-40.8,-90.55,0,2786.232,-69.794,-84.296,2788.854,8,"AI",-71.109,-86.263,0,0,,,,,64,2
99,5,0,4,5,0,1,0,0,0,0,255,255,255,39,2803.875,"하루（Haru）",R,3,78,117,-5.667,-1.258,-0.061,1.592,-1.694,0.817,-36.491,11.239,22,78,0,4,0,-458.199,0,4.528,0,0,1,6,8,R,"HANA_ARASHI",190,90,0.25,0,87,W,Y,0,0,0,0,0,0,0,0,0,0,0,0,0,0,0,0,-0.004,-37.201,0,"하랑님_",-0.728,-16.531,0,"_Gosomi",-21.099,-44.959,0,"seikka",-12.56,-63.428,0,"ddil_ddil69",19.271,-44.284,0,"k@ster",10.517,-66.332,0,"AI",40.9,-90.65,0,"うよすま",-8.637,-122.567,0,"AI",-40.8,-90.55,0,0,0,0,0,0,"",0,0,0,0,2805.21,,,,0,0
100,5,0,4,5,0,2,0,0,0,0,255,255,255,40,2820.013,"하루（Haru）",R,3,58,106,1.07,-0.094,0.515,1.82,0.987,1.557,-36.491,96.127,0,100,0,2,0,-280.661,0,7.277,0,0,1,6,8,R,"HANA_ARASHI",190,90,0.25,3,87,W,Y,2821.163,188,125,144,109,94,145,111,26.037,38.97,0.88,0,0.733,37.94,-345.863,-125.247,-0.605,-36.847,0,"하랑님_",0.004,-17.282,0,"_Gosomi",-23.699,-48.733,0,"seikka",-12.481,-63.485,86,"ddil_ddil69",19.568,-44.53,0,"k@ster",8.774,-66.106,0,"AI",40.9,-90.65,0,"うよすま",-6.441,-122.105,0,"AI",-40.8,-90.55,0,2825.943,-56.473,-104.157,2830.787,3,"seikka",-10.174,-66.957,0,0,,,,,65,1
101,5,0,4,5,0,0,1,0,0,0,255,255,255,41,2852.569,"하루（Haru）",R,3,86,129,-2.788,-0.453,0.158,1.759,-0.674,1.331,-36.491,25.813,0,100,0,1,0,-366.752,0,12.253,0,0,0,0,3,R,"Yaksok~",173.3,80,0.332,0,87,W,Y,0,0,0,0,0,0,0,0,0,0,0,0,0,0,0,0,-0.317,-37.005,0,"하랑님_",-0.458,-17.13,0,"_Gosomi",-22.343,-49.521,0,"seikka",-12.114,-63.551,0,"ddil_ddil69",20.378,-45.531,0,"k@ster",9.64,-66.309,0,"AI",40.9,-90.65,0,"うよすま",4.826,-115.737,0,"AI",-40.8,-90.55,0,0,0,0,0,0,"",0,0,0,0,2853.731,,,,0,0
102,5,0,4,5,1,0,1,0,0,0,255,255,255,42,2867.377,"하루（Haru）",R,0,46,103,0.924,-0.419,0.391,1.771,0.409,1.371,-36.491,76.602,0,100,0,2,0,-9.263,0,6.708,0,0,1,0,3,R,"Yaksok~",173.3,80,0.332,3,87,W,Y,2868.419,168,144,68,61,36,138,126,26.939,29.737,0.51,0,0.176,350.401,388.515,178.648,-0.392,-37.011,0,"하랑님_",-0.048,-17.176,0,"_Gosomi",-22.318,-49.521,0,"seikka",-12.142,-63.614,0,"ddil_ddil69",14.003,-39.655,0,"k@ster",8.279,-66.113,0,"AI",40.9,-90.65,0,"うよすま",4.92,-117.847,0,"AI",-40.8,-90.55,0,2873.32,-65.905,-111.851,0,0,"",0,0,0,0,,2879.038,2884.109,,64,4
103,5,0,4,6,0,0,1,0,0,0,255,255,255,43,2907.903,"하루（Haru）",R,4,14,67,-0.489,0.412,0.45,1.94,0.454,1.863,-36.491,76.351,68,32,0,0,0,-230.097,0,-46.188,0,0,1,1,5,R,"시즈카_Shizuka",175.3,85.33,0.496,0,87,W,Y,0,0,0,0,0,0,0,0,0,0,0,0,0,0,0,0,-0.121,-36.589,0,"하랑님_",-0.063,-17.507,0,"_Gosomi",-20.657,-46.258,0,"seikka",-13.714,-63.711,0,"ddil_ddil69",19.229,-44.305,0,"k@ster",10.152,-66.012,0,"AI",40.9,-90.65,0,"うよすま",-1.197,-113.861,0,"AI",-40.8,-90.55,0,0,0,0,0,0,"",0,0,0,0,2909.764,,,,0,0
104,5,0,4,6,0,1,1,0,0,0,255,255,255,44,2922.92,"하루（Haru）",R,10,21,72,-1.103,-2.202,0.148,1.709,-0.482,1.324,-36.491,54.072,24,76,0,4,0,0,400,-33.588,-0.217,-19.86,1,1,5,R,"시즈카_Shizuka",175.3,85.33,0.496,0,87,W,Y,0,0,0,0,0,0,0,0,0,0,0,0,0,0,0,0,-0.202,-36.7,0,"하랑님_",-0.16,-17.36,0,"_Gosomi",-21.849,-47.015,0,"seikka",-13.664,-63.742,0,"ddil_ddil69",19.48,-44.823,0,"k@ster",10.258,-66.104,0,"AI",40.9,-90.65,0,"うよすま",-1.185,-109.346,0,"AI",-40.8,-90.55,0,0,0,0,0,0,"",0,0,0,0,2924.664,,,,0,0
105,5,0,4,6,0,2,1,0,0,0,255,255,255,45,2939.905,"하루（Haru）",R,38,23,79,0.064,1.955,0.32,2.317,0.006,2.685,-36.491,91.291,100,0,0,2,0,4.427,-41.05,-1.674,0,0,1,1,5,R,"시즈카_Shizuka",175.3,85.33,0.496,3,50,W,Y,2941.354,172,55,78,92,63,145,127,30.438,-35.132,0.3,0,0.559,423.575,416.166,-83.197,-0.184,-36.435,0,"하랑님_",-0.053,-17.486,0,"_Gosomi",-21.731,-46.946,0,"seikka",-13.675,-63.761,0,"ddil_ddil69",19.461,-44.778,0,"k@ster",11.416,-65.955,0,"AI",40.9,-90.65,0,"うよすま",-0.347,-109.711,0,"AI",-40.8,-90.55,0,2946.597,58.953,-121.035,0,0,"",0,0,0,0,,2951.772,2956.535,,64,4
106,5,0,4,7,0,0,1,0,0,0,255,255,255,46,2979.057,"하루（Haru）",R,27,88,140,-1.984,-0.198,0.292,1.712,-0.053,1.208,-36.491,32.795,31,69,0,2,0,92.944,-133.981,8.857,0,0,0,2,2,L,"Pring__",190,93.089,0.485,3,87,W,Y,2980.087,238,139,113,107,76,145,130,-15.923,-42.333,0.67,0,0.424,-124.17,-384.834,116.379,-0.349,-37.031,0,"하랑님_",-0.135,-17.18,0,"_Gosomi",-21.529,-47.814,85,"seikka",-11.906,-62.989,0,"ddil_ddil69",19.881,-45.307,108,"k@ster",16.544,-63.387,0,"AI",40.9,-90.65,0,"うよすま",12.442,-124.466,0,"AI",-40.8,-90.55,0,2980.075,2.492,-22.269,2981.53,4,"ddil_ddil69",21.388,-42.771,0,0,,,,,76,2
107,5,0,4,7,0,0,2,0,0,0,255,255,255,47,3004.811,"하루（Haru）",R,26,76,127,0.534,-0.24,0.325,1.737,0.103,1.288,-36.491,30.255,45,55,0,2,0,79.077,-170.533,11.924,0,0,1,3,1,R,"Oort__Cloud",190,80,0.2,3,36,W,Y,3006.011,255,86,114,39,2,145,95,-37.392,46.837,-0.57,0,0.938,194.788,-432.436,-50.036,0.195,-36.772,0,"하랑님_",-0.183,-17.409,0,"_Gosomi",-23.209,-48.888,0,"seikka",-13.936,-63.878,0,"ddil_ddil69",20.155,-45.435,0,"k@ster",9.012,-66.117,0,"AI",40.9,-90.65,0,"うよすま",-6.912,-119.421,0,"AI",-40.8,-90.55,0,3005.885,-1.058,-21.06,0,0,"",0,0,0,0,,,,,64,0
108,5,0,4,7,0,1,2,0,0,0,255,255,255,48,3026.934,"하루（Haru）",R,4,73,120,-1.229,0.358,0.247,1.902,-0.26,1.822,-36.491,44.108,92,8,0,2,0,-173.886,0,7.556,0,0,1,3,1,R,"Oort__Cloud",190,80,0.2,3,36,W,Y,3028.084,255,127,117,77,32,145,119,25.194,-2.17,0.78,0,0.216,1.86,197.516,400.991,0.194,-36.769,0,"하랑님_",-0.147,-17.173,0,"_Gosomi",-22.586,-47.93,0,"seikka",-12.967,-62.748,0,"ddil_ddil69",19.776,-45.141,0,"k@ster",8.742,-66.25,0,"AI",40.9,-90.65,0,"うよすま",-6.236,-119.104,0,"AI",-40.8,-90.55,0,3032.674,-2.985,-123.239,3032.807,7,"うよすま",-2.78,-119.447,0,0,,,,,34,1
109,6,1,4,7,0,0,0,0,0,0,255,255,255,59,3157.837,"Pugeuk",R,27,91,140,0.275,-0.516,0.507,1.399,0.283,1.166,-36.692,22.825,52,48,0,0,0,-129.952,-144.699,14.851,0,0,0,4,1,R,"하랑님_",190,83.705,0.222,0,41,W,Y,0,0,0,0,0,0,0,0,0,0,0,0,0,0,0,0,0.366,-37.243,0,"Oort__Cloud",0.078,-17.627,0,"Pring__",-21.915,-47.394,0,"Yaksok~",-14.855,-64.051,0,"ぐだもん",21.129,-48.601,0,"시즈카_Shizuka",6.094,-67.16,0,"AI",40.9,-90.65,0,"AI",0,-109.84,0,"HANA_ARASHI",-42.564,-94.128,0,0,0,0,0,0,"",0,0,0,0,3158.984,,,,0,0
110,6,1,4,7,0,1,0,0,0,0,255,255,255,60,3172.897,"Pugeuk",R,26,90,140,-1.923,-0.504,0.312,1.387,-0.625,1.126,-36.692,19.095,48,52,0,1,0,-174.05,-200,39.935,0,0,0,4,1,R,"하랑님_",190,83.705,0.222,0,41,W,Y,0,0,0,0,0,0,0,0,0,0,0,0,0,0,0,0,-0.112,-37.881,0,"Oort__Cloud",-0.197,-17.595,0,"Pring__",-21.819,-47.378,0,"Yaksok~",-14.861,-64.054,0,"ぐだもん",21.111,-48.621,0,"시즈카_Shizuka",5.937,-67.114,0,"AI",40.9,-90.65,0,"AI",0,-109.84,0,"HANA_ARASHI",-42.599,-94.18,0,0,0,0,0,0,"",0,0,0,0,3174.162,,,,0,0
111,6,1,4,7,1,1,0,0,0,0,255,255,255,61,3187.622,"Pugeuk",R,10,82,122,0.289,-1.163,0.47,1.453,0.112,1.338,-36.692,22.458,43,57,0,2,0,0,400,5.616,0,0,1,4,1,R,"하랑님_",190,83.705,0.222,3,41,W,Y,3188.649,255,146,122,114,82,145,89,-36.05,-42.089,-0.86,0,0.477,-164.983,-325.069,-208.308,0.433,-36.941,0,"Oort__Cloud",-0.019,-17.388,0,"Pring__",-21.743,-47.143,85,"Yaksok~",-14.799,-63.947,0,"ぐだもん",21.096,-48.454,96,"시즈카_Shizuka",5.989,-67.065,0,"AI",40.9,-90.65,0,"AI",0,-109.84,0,"HANA_ARASHI",-43.773,-94.935,0,3188.584,0.762,-21.619,3190.395,4,"ぐだもん",19.563,-42.313,0,0,,,,,52,2
112,6,1,4,7,0,0,1,0,0,0,255,255,255,62,3211.042,"Pugeuk",R,14,87,126,0.474,-0.779,0.357,1.532,-0.413,1.585,-36.692,22.873,59,41,0,0,0,390.434,312.348,22.01,0.292,-18.205,0,5,5,R,"k@ster",160,95.017,0.646,0,87,W,Y,0,0,0,0,0,0,0,0,0,0,0,0,0,0,0,0,0.47,-37.041,0,"Oort__Cloud",-0.004,-17.264,0,"Pring__",-21.717,-46.834,0,"Yaksok~",-13.652,-63.817,0,"ぐだもん",20.612,-46.739,0,"시즈카_Shizuka",7.689,-64.281,0,"AI",40.9,-90.65,0,"AI",0,-109.84,0,"HANA_ARASHI",-41.636,-93.635,0,0,0,0,0,0,"",0,0,0,32,3213.75,,,,0,0
113,6,1,4,7,0,1,1,0,0,0,255,255,255,63,3226.013,"Pugeuk",R,3,81,119,-0.439,1.172,0.583,1.7,0.636,2.232,-36.692,39.114,59,41,0,0,0,-500,0,16.651,0,0,0,5,5,R,"k@ster",160,95.017,0.646,0,87,W,Y,0,0,0,0,0,0,0,0,0,0,0,0,0,0,0,0,-0.073,-37.185,0,"Oort__Cloud",-0.091,-17.22,0,"Pring__",-21.777,-46.639,0,"Yaksok~",-13.718,-63.812,0,"ぐだもん",19.572,-45.571,0,"시즈카_Shizuka",7.018,-64.574,0,"AI",40.9,-90.65,0,"AI",0,-109.84,0,"HANA_ARASHI",-41.624,-91.866,0,0,0,0,0,0,"",0,0,0,0,3227.283,,,,0,0
114,6,1,4,7,0,2,1,0,0,0,255,255,255,64,3242.497,"Pugeuk",R,29,80,117,-2.667,-0.683,0.167,1.541,-0.865,1.119,-36.692,16.996,62,38,0,2,0,-175.186,-93.978,14.208,0,0,0,5,5,R,"k@ster",160,95.017,0.646,3,87,W,Y,3243.484,155,86,73,74,37,144,122,-16.028,-20.295,0.64,0,0.137,-531.216,-96.112,-169.136,-0.012,-37.098,0,"Oort__Cloud",0.002,-17.307,0,"Pring__",-21.664,-46.682,86,"Yaksok~",-14.086,-64.247,0,"ぐだもん",19.585,-45.562,0,"시즈카_Shizuka",7.59,-65.009,107,"AI",40.9,-90.65,0,"AI",0,-109.84,0,"HANA_ARASHI",-42.078,-93.774,0,3243.25,0.042,-21.57,3245.372,5,"시즈카_Shizuka",14.308,-61.738,1,0,,,,,38,2
115,6,1,4,7,0,0,1,1,0,0,5,255,255,65,3270.518,"Pugeuk",R,14,88,126,2.231,-0.249,0.529,1.586,0.387,1.77,-36.692,23.93,55,45,0,4,0,390.434,312.348,48.931,2.728,-18.604,1,6,0,L,"하루（Haru）",190,95.172,0.403,0,87,W,Y,0,0,0,0,0,0,0,0,0,0,0,0,0,0,0,0,0.383,-37.677,0,"Oort__Cloud",0.147,-17.787,0,"Pring__",-19.334,-39.977,0,"Yaksok~",-9.438,-61.598,0,"ぐだもん",19.922,-46.818,0,"시즈카_Shizuka",13.615,-63.227,0,"AI",40.9,-90.65,0,"AI",0,-109.84,0,"HANA_ARASHI",-34.94,-97.279,0,0,0,0,0,0,"",0,0,0,0,3274.138,,,,0,0
116,6,1,4,7,0,1,1,1,0,0,5,255,255,66,3290.025,"Pugeuk",R,14,88,111,1.785,-0.949,0.46,1.448,0.042,1.433,-36.692,24.333,57,43,0,2,0,390.434,312.348,11.649,0,0,1,6,0,L,"하루（Haru）",190,95.172,0.403,3,87,W,Y,3291.203,238,52,90,104,81,145,95,110.574,68.294,0.96,0,0.245,-212.829,-339.025,-268.893,0.589,-37.276,0,"Oort__Cloud",0.004,-17.477,0,"Pring__",-16.302,-45.578,0,"Yaksok~",-9.265,-61.619,0,"ぐだもん",21.931,-48.267,0,"시즈카_Shizuka",11.837,-64.332,0,"AI",40.9,-90.65,0,"AI",0,-109.84,0,"HANA_ARASHI",-35.509,-94.868,0,0,0,0,0,0,"",0,0,0,0,,,,,32,3
117,6,1,4,7,0,2,1,1,0,0,5,255,255,67,3308.87,"Pugeuk",R,29,87,140,-0.834,1.323,0.438,1.758,-0.036,2.327,-36.692,31.975,95,5,0,4,0,-250,-133.154,21.804,0,0,1,6,0,L,"하루（Haru）",190,95.172,0.403,0,87,W,Y,0,0,0,0,0,0,0,0,0,0,0,0,0,0,0,0,-0.128,-37.309,0,"Oort__Cloud",-0.147,-17.46,0,"Pring__",-19.363,-40.063,0,"Yaksok~",-8.556,-61.982,0,"ぐだもん",21.405,-48.093,0,"시즈카_Shizuka",11.932,-64.657,0,"AI",40.9,-90.65,0,"AI",0,-109.84,0,"HANA_ARASHI",-37.384,-93.24,0,0,0,0,0,0,"",0,0,0,0,3310.282,,,,0,0
118,6,1,4,7,0,0,2,1,0,0,5,255,255,68,3336.281,"Pugeuk",R,13,76,103,2.128,0.208,0.934,1.96,1.539,2.147,-36.692,59.496,81,17,2,1,0,-365.589,312.348,106.137,0.19,-18.904,0,0,3,R,"seikka",178.3,90,0.397,0,87,W,Y,0,0,0,0,0,0,0,0,0,0,0,0,0,0,0,0,-0.014,-37.705,0,"Oort__Cloud",0.083,-18.236,0,"Pring__",-19.419,-39.94,0,"Yaksok~",-13.631,-61.595,0,"ぐだもん",21.454,-47.469,0,"시즈카_Shizuka",7.158,-66.172,0,"AI",40.9,-90.65,0,"AI",0,-109.84,0,"HANA_ARASHI",-39.308,-92.356,0,0,0,0,0,0,"",0,0,0,0,3339.238,,,,0,0
119,6,1,4,7,1,0,2,1,0,0,5,255,255,69,3357.372,"Pugeuk",R,29,90,140,-1.245,-0.647,0.378,1.385,-0.315,1.083,-36.692,22.039,44,56,0,0,0,-173.771,-158.245,17.485,0,0,0,0,3,R,"seikka",178.3,90,0.397,0,87,W,Y,0,0,0,0,0,0,0,0,0,0,0,0,0,0,0,0,0.115,-37.545,0,"Oort__Cloud",-0.258,-17.705,0,"Pring__",-19.718,-40.037,0,"Yaksok~",-14.309,-62.352,0,"ぐだもん",21.41,-47.462,0,"시즈카_Shizuka",11.058,-64.645,0,"AI",40.9,-90.65,0,"AI",0,-109.84,0,"HANA_ARASHI",-39.644,-93.529,0,0,0,0,0,0,"",0,0,0,0,3358.86,,,,0,0
120,6,1,4,7,1,1,2,1,0,0,5,255,255,70,3398.331,"Pugeuk",R,6,81,106,-0.475,0.602,0.074,1.689,-1.155,1.974,-36.692,15.301,63,37,0,2,0,481.818,0,3.38,0,0,1,0,3,R,"seikka",178.3,90,0.397,3,87,W,Y,3399.593,255,211,63,52,5,137,93,-2.353,-37.802,-0.25,0,0.412,116.381,-405.621,302.655,0.438,-37.032,0,"Oort__Cloud",-0.149,-17.625,0,"Pring__",-17.68,-42.474,0,"Yaksok~",-14.778,-64.056,0,"ぐだもん",21.276,-48.164,90,"시즈카_Shizuka",5.28,-64.466,0,"AI",40.9,-90.65,0,"AI",0,-109.84,0,"HANA_ARASHI",-35.921,-91.385,0,3400.17,9.658,-32.027,3401.181,4,"ぐだもん",17.909,-42.777,0,0,3415.815,3404.297,,,92,2
121,6,0,4,7,0,0,0,0,0,0,255,255,255,0,3482.772,"ddil_ddil69",R,26,76,127,-1.442,-0.258,0.365,1.968,-0.459,1.221,-36.68,27.279,100,0,0,2,0,-117.112,-200,-4.232,0,0,1,4,4,L,"ぐだもん",174.5,80,0.528,3,87,W,Y,3483.883,231,43,45,34,24,130,78,11.21,-42.931,-0.73,0,0.051,123.557,-326.356,233.865,0.257,-37.077,0,"하랑님_",-0.175,-17.261,0,"_Gosomi",-23.303,-52.099,0,"seikka",-13.684,-64.031,0,"하루（Haru）",20.69,-46.436,85,"k@ster",16.097,-62.816,0,"AI",40.9,-90.65,0,"うよすま",10.206,-116.802,0,"AI",-40.8,-90.55,0,0,0,0,3485.692,4,"하루（Haru）",19.288,-40.494,0,0,,,,,72,1
122,6,0,4,7,0,0,1,0,0,0,255,255,255,1,3505.425,"ddil_ddil69",R,26,70,122,-1.097,-1.383,0.387,1.752,-0.356,0.557,-36.68,11.597,45,55,0,2,0,-81.29,-164.808,32.286,0,0,1,5,2,L,"Pugeuk",190,86.201,0.347,3,87,W,Y,3506.599,255,120,97,94,39,145,109,-3.069,41.411,0.93,0,0.626,-89.669,-248.31,185.2,0.184,-36.979,0,"하랑님_",-0.15,-17.28,0,"_Gosomi",-19.563,-45.899,0,"seikka",-13.559,-64.075,0,"하루（Haru）",19.952,-45.65,0,"k@ster",13.304,-64.016,0,"AI",40.9,-90.65,0,"うよすま",9.861,-123.971,0,"AI",-40.8,-90.55,0,3506.725,-5.733,-28.252,3507.836,2,"_Gosomi",-17.94,-41.614,0,0,,,,,12,2
123,6,0,4,7,0,0,2,0,0,0,255,255,255,2,3525.124,"ddil_ddil69",R,6,68,113,0.821,0.243,0.414,2.12,-0.229,1.748,-36.68,36.847,91,9,0,0,0,315.806,0,18.082,0,0,1,6,8,R,"HANA_ARASHI",190,90,0.25,0,87,W,Y,0,0,0,0,0,0,0,0,0,0,0,0,0,0,0,0,0.491,-37.537,0,"하랑님_",-0.129,-17.203,0,"_Gosomi",-22.063,-46.793,0,"seikka",-12.738,-63.962,0,"하루（Haru）",18.698,-48.671,0,"k@ster",9.875,-66.178,0,"AI",40.9,-90.65,0,"うよすま",-11.291,-124.137,0,"AI",-40.8,-90.55,0,0,0,0,0,0,"",0,0,0,0,3526.569,,,,0,0
124,6,0,4,7,0,1,2,0,0,0,255,255,255,3,3540.94,"ddil_ddil69",R,26,80,131,-1.001,0.512,0.399,2.112,-0.299,1.724,-36.68,36.614,100,0,0,0,0,-100.475,-200,6.492,0,0,1,6,8,R,"HANA_ARASHI",190,90,0.25,0,87,W,Y,0,0,0,0,0,0,0,0,0,0,0,0,0,0,0,0,0.239,-36.917,0,"하랑님_",-0.187,-17.112,0,"_Gosomi",-22.999,-47.793,0,"seikka",-12.756,-64.019,0,"하루（Haru）",18.224,-49.152,0,"k@ster",9.832,-66.165,0,"AI",40.9,-90.65,0,"うよすま",-9.978,-122.474,0,"AI",-40.8,-90.55,0,0,0,0,0,0,"",0,0,0,0,3542.191,,,,0,0
125,6,0,4,7,0,2,2,0,0,0,255,255,255,4,3555.243,"ddil_ddil69",R,27,68,121,-0.638,-0.775,0.433,1.88,-0.143,0.972,-36.68,20.43,94,6,0,2,0,-90.556,-129.658,16.453,0,0,1,6,8,R,"HANA_ARASHI",190,90,0.25,3,87,W,Y,3556.469,220,122,128,122,79,145,130,1.827,16.239,0.62,0,0.65,199.964,-306.227,-3.255,0.245,-37.114,0,"하랑님_",-0.213,-17.275,0,"_Gosomi",-21.28,-47.773,0,"seikka",-12.758,-64.036,87,"하루（Haru）",18.355,-49.318,0,"k@ster",8.394,-65.786,0,"AI",40.9,-90.65,0,"うよすま",-10.019,-122.679,0,"AI",-40.8,-90.55,0,3557.258,-8.758,-51.476,3558.18,3,"seikka",-10.54,-57.99,0,0,3587.935,,,,13,2
126,7,1,4,7,0,0,0,0,0,0,255,255,255,0,3626.783,"Pring__",R,32,83,134,-0.546,0.295,0.187,1.459,-0.524,1.598,-36.186,32.555,27,73,0,0,0,205.713,-200,-0.599,0,0,1,1,7,R,"うよすま",176.4,85.385,0.503,0,87,W,Y,0,0,0,0,0,0,0,0,0,0,0,0,0,0,0,0,-0.034,-37.476,0,"Oort__Cloud",-0.048,-17.107,0,"Pugeuk",-21.61,-50.658,0,"Yaksok~",-15.104,-65.085,0,"ぐだもん",20.443,-46.096,0,"시즈카_Shizuka",7.637,-66.526,0,"AI",40.9,-90.65,0,"AI",0,-109.84,0,"HANA_ARASHI",-40.084,-93.312,0,0,0,0,0,0,"",0,0,0,0,3628.09,,,,0,0
127,7,1,4,7,0,1,0,0,0,0,255,255,255,1,3644.603,"Pring__",R,26,82,133,1.112,0.926,0.358,1.573,0.272,1.996,-36.186,43.069,35,65,0,2,0,146.682,-164.406,0.821,0,0,1,1,7,R,"うよすま",176.4,85.385,0.503,3,87,W,Y,3645.678,210,49,71,65,23,143,127,99.433,-67.806,0.56,0,0.293,123.784,29.369,-37.728,-0.027,-37.249,0,"Oort__Cloud",-0.028,-17.368,0,"Pugeuk",-21.42,-50.11,0,"Yaksok~",-15.821,-66.27,0,"ぐだもん",20.176,-45.581,0,"시즈카_Shizuka",6.254,-65.538,0,"AI",40.9,-90.65,0,"AI",0,-109.84,0,"HANA_ARASHI",-38.128,-92.036,0,0,0,0,0,0,"",0,0,0,0,,,,,4,3
128,7,1,4,7,0,2,0,0,0,0,255,255,255,2,3663.275,"Pring__",R,13,82,107,-13.962,0.728,0.456,1.518,0.484,1.752,-36.186,39.159,0,100,0,2,0,-373.891,319.776,-0.258,0,0,1,1,7,R,"うよすま",176.4,85.385,0.503,3,87,W,Y,3664.421,255,59,125,107,40,145,91,110.134,-61.886,0.96,0,0.341,236.138,-64.774,317.655,-0.103,-37.135,0,"Oort__Cloud",-0.137,-17.548,0,"Pugeuk",-21.477,-49.768,0,"Yaksok~",-15.74,-66.335,0,"ぐだもん",21.97,-47.441,0,"시즈카_Shizuka",7.857,-66.713,0,"AI",40.9,-90.65,0,"AI",0,-109.84,0,"HANA_ARASHI",-39.505,-93.167,0,0,0,0,0,0,"",0,0,0,0,,,,,4,3
129,7,1,4,7,0,2,0,0,0,0,255,255,255,3,3682.477,"Pring__",R,13,77,103,0.043,-0.944,0.517,1.534,0.674,1.557,-36.186,43.472,0,100,0,0,0,-350.379,331.634,0.702,0,0,1,1,7,R,"うよすま",176.4,85.385,0.503,0,87,W,Y,0,0,0,0,0,0,0,0,0,0,0,0,0,0,0,0,-0.068,-36.955,0,"Oort__Cloud",-0.164,-17.366,0,"Pugeuk",-20.25,-49.624,0,"Yaksok~",-15.41,-65.684,0,"ぐだもん",22.077,-48.109,0,"시즈카_Shizuka",7.211,-66.346,0,"AI",40.9,-90.65,0,"AI",0,-109.84,0,"HANA_ARASHI",-40.058,-92.644,0,0,0,0,0,0,"",0,0,0,0,3683.901,,,,0,0
130,7,1,4,7,0,0,1,0,0,0,255,255,255,4,3706.316,"Pring__",R,32,85,138,-0.484,0.275,0.203,1.463,-0.451,1.62,-36.186,29.991,0,100,0,0,0,182.942,-164.661,2.4,0,0,0,2,2,R,"_Gosomi",175.4,85.099,0.49,0,87,W,Y,0,0,0,0,0,0,0,0,0,0,0,0,0,0,0,0,-0.21,-37.684,0,"Oort__Cloud",-0.108,-17.202,0,"Pugeuk",-20.02,-48.887,0,"Yaksok~",-14.793,-64.234,0,"ぐだもん",20.411,-47.142,0,"시즈카_Shizuka",7.966,-65.592,0,"AI",40.9,-90.65,0,"AI",0,-109.84,0,"HANA_ARASHI",-39.318,-90.933,0,0,0,0,0,0,"",0,0,0,0,3707.723,,,,0,0
131,7,1,4,7,0,1,1,0,0,0,255,255,255,5,3721.041,"Pring__",R,32,80,130,-0.097,0.715,0.214,1.427,-0.402,1.834,-36.186,28.662,0,100,0,0,0,250,-200,16.559,0,0,0,2,2,R,"_Gosomi",175.4,85.099,0.49,0,87,W,Y,0,0,0,0,0,0,0,0,0,0,0,0,0,0,0,0,-0.09,-37.698,0,"Oort__Cloud",-0.08,-17.339,0,"Pugeuk",-20.398,-48.612,0,"Yaksok~",-15.225,-65.32,0,"ぐだもん",20.348,-46.946,0,"시즈카_Shizuka",6.592,-66.017,0,"AI",40.9,-90.65,0,"AI",0,-109.84,0,"HANA_ARASHI",-39.436,-89.745,0,0,0,0,0,0,"",0,0,0,0,3722.511,,,,0,0
132,7,1,4,7,0,2,1,0,0,0,255,255,255,6,3736.767,"Pring__",R,3,73,101,-0.176,-0.098,0.524,1.545,0.694,1.584,-36.186,57.515,0,100,0,0,0,-402.148,8.071,-7.566,0,0,1,2,2,R,"_Gosomi",175.4,85.099,0.49,0,87,W,Y,0,0,0,0,0,0,0,0,0,0,0,0,0,0,0,0,0.004,-37.168,0,"Oort__Cloud",-0.126,-17.461,0,"Pugeuk",-20.415,-47.933,0,"Yaksok~",-14.842,-63.952,0,"ぐだもん",20.268,-46.885,0,"시즈카_Shizuka",5.229,-66.956,0,"AI",40.9,-90.65,0,"AI",0,-109.84,0,"HANA_ARASHI",-39.649,-89.438,0,0,0,0,0,0,"",0,0,0,0,3738.311,,,,0,0
133,7,1,4,7,0,0,2,0,0,0,255,255,255,7,3759.835,"Pring__",R,32,84,136,0.257,0.772,0.157,1.454,-0.202,1.929,-36.186,24.725,0,100,0,2,0,236.787,-147.797,6.822,0,0,1,3,0,R,"ddil_ddil69",176.3,89.899,0.397,3,87,W,Y,3761.059,227,71,145,53,0,145,127,29.758,27.334,0.36,0,0.587,323.214,-275.135,82.081,-0.137,-37.5,0,"Oort__Cloud",-0.058,-17.504,0,"Pugeuk",-20.778,-49.65,0,"Yaksok~",-15.067,-66.455,0,"ぐだもん",20.183,-46.874,0,"시즈카_Shizuka",8.386,-65.573,85,"AI",40.903,-90.653,0,"AI",0,-109.844,0,"HANA_ARASHI",-39.276,-89.062,0,3766.533,-45.396,-119.667,3767.8,8,"HANA_ARASHI",-42.997,-116.511,1,0,,3771.228,,,70,2
134,7,1,4,7,0,0,2,0,1,0,255,0,255,8,3798.547,"Pring__",R,32,81,132,0.49,0.684,0.283,1.464,-0.079,1.941,-36.186,41.217,0,100,0,0,0,209.929,-123.31,-3.919,0,0,0,4,1,R,"하랑님_",190,83.705,0.222,0,87,W,Y,0,0,0,0,0,0,0,0,0,0,0,0,0,0,0,0,-0.151,-37.673,0,"Oort__Cloud",0.316,-17.775,0,"Pugeuk",-19.395,-48.042,0,"Yaksok~",-15.378,-63.428,0,"ぐだもん",19.404,-44.191,0,"시즈카_Shizuka",0.557,-59.548,0,"AI",40.902,-90.652,0,"AI",0,-109.842,0,"HANA_ARASHI",-43.24,-102.58,0,0,0,0,0,0,"",0,0,0,0,3799.944,3801.941,,,0,0
135,7,1,4,7,0,1,2,0,1,0,255,0,255,9,3819.323,"Pring__",R,32,82,133,1.038,0.712,0.325,1.451,0.115,1.899,-36.186,34.823,0,100,0,0,0,238.095,-194.695,7.604,0,0,0,4,1,R,"하랑님_",190,83.705,0.222,0,87,W,Y,0,0,0,0,0,0,0,0,0,0,0,0,0,0,0,0,0.037,-37.773,0,"Oort__Cloud",0.164,-17.884,0,"Pugeuk",-20.49,-46.289,0,"Yaksok~",-15.378,-63.433,0,"ぐだもん",19.527,-42.894,0,"시즈카_Shizuka",1.283,-63.153,0,"AI",40.9,-90.65,0,"AI",0,-109.84,0,"HANA_ARASHI",-43.995,-101.732,0,0,0,0,0,0,"",0,0,0,0,3820.688,3834.239,,,0,0
136,7,1,4,7,0,2,2,0,1,0,255,0,255,10,3836.93,"Pring__",R,13,85,109,-1.413,-0.922,0.317,1.479,0.052,1.447,-36.186,33.212,0,100,0,2,0,-380.724,319.965,7.343,0,0,1,4,1,R,"하랑님_",190,83.705,0.222,3,87,W,Y,3838.113,255,255,197,147,76,145,102,7.422,-10.279,0.93,0,0.431,27.51,152.856,-105.137,-0.157,-36.994,0,"Oort__Cloud",-0.112,-17.523,101,"Pugeuk",-20.625,-47.194,0,"Yaksok~",-15.405,-63.445,98,"ぐだもん",21.248,-45.436,0,"시즈카_Shizuka",0.326,-59.874,0,"AI",40.9,-90.65,0,"AI",0,-109.84,0,"HANA_ARASHI",-44.049,-99.739,0,3839.844,7.469,-68.698,3843.499,7,"AI",14.706,-113.571,1,0,3850.322,,3843.915,3849.097,13,2
137,7,1,5,7,0,0,2,1,0,0,1,255,255,11,3874.104,"Pring__",R,32,73,125,1.469,0.53,0.357,1.575,0.267,1.654,-36.186,44.451,22,78,0,2,0,250,-200,3.13,0,0,0,5,5,R,"k@ster",160,95.017,0.646,3,87,W,Y,3875.107,121,105,76,63,31,137,76,33.143,-42.712,-0.82,0,0.149,102.74,-516.093,164.732,-0.292,-36.638,0,"Oort__Cloud",0.006,-17.357,0,"Pugeuk",-19.476,-44.689,0,"Yaksok~",-16.24,-62.966,0,"ぐだもん",19.403,-45.58,0,"시즈카_Shizuka",6.471,-65.328,0,"AI",40.9,-90.65,0,"AI",0,-109.84,0,"HANA_ARASHI",-42.076,-95.258,0,3879.099,45.102,-58.957,0,0,"",0,0,0,0,,,,,4,3
138,7,1,5,7,0,1,2,1,0,0,1,255,255,12,3896.34,"Pring__",R,32,86,140,-0.237,-0.333,0.207,1.464,-0.432,1.227,-36.186,31.195,0,100,0,0,0,250,-200,10.495,0,0,0,5,5,R,"k@ster",160,95.017,0.646,0,87,W,Y,0,0,0,0,0,0,0,0,0,0,0,0,0,0,0,0,-0.024,-37.33,0,"Oort__Cloud",-0.131,-17.692,0,"Pugeuk",-20.983,-44.72,0,"Yaksok~",-14.96,-63.291,0,"ぐだもん",20.057,-44.234,0,"시즈카_Shizuka",10.166,-64.175,0,"AI",40.9,-90.65,0,"AI",0,-109.84,0,"HANA_ARASHI",-38.403,-83.072,0,0,0,0,0,0,"",0,0,0,0,3897.51,,,,0,0
139,7,1,5,7,0,2,2,1,0,0,1,255,255,13,3920.486,"Pring__",R,3,71,99,0.964,0.064,0.577,1.53,1.247,1.66,-36.186,61.562,0,100,0,0,0,-419.499,0,-10.441,0,0,0,5,5,R,"k@ster",160,95.017,0.646,0,87,W,Y,0,0,0,0,0,0,0,0,0,0,0,0,0,0,0,0,0.154,-37.291,0,"Oort__Cloud",0.1,-17.7,0,"Pugeuk",-21.676,-45.644,0,"Yaksok~",-14.371,-63.297,0,"ぐだもん",18.656,-42.714,0,"시즈카_Shizuka",9.221,-64.683,0,"AI",40.9,-90.65,0,"AI",0,-109.84,0,"HANA_ARASHI",-38.035,-83.203,0,0,0,0,0,0,"",0,0,0,0,3921.832,,,,0,0
140,7,0,5,7,0,0,0,0,0,0,255,255,255,5,3965.445,"ddil_ddil69",R,26,74,126,-0.928,1.201,0.411,2.203,-0.245,2.051,-36.68,43.089,92,8,0,1,0,-109.264,-200,-2.507,0,0,0,0,3,R,"Yaksok~",173.3,80,0.332,0,87,W,Y,0,0,0,0,0,0,0,0,0,0,0,0,0,0,0,0,0.258,-37.431,0,"하랑님_",-0.213,-17.6,0,"_Gosomi",-22.953,-49.067,0,"seikka",-13.218,-63.879,0,"하루（Haru）",17.664,-49.6,0,"k@ster",10.375,-66.186,0,"AI",40.9,-90.65,0,"うよすま",4.287,-116.712,0,"AI",-40.8,-90.55,0,0,0,0,0,0,"",0,0,0,0,3966.676,,,,0,0
141,7,0,5,7,0,1,0,0,0,0,255,255,255,6,3981.844,"ddil_ddil69",R,26,73,124,-0.672,-2.072,0.464,1.705,-0.168,0.182,-36.68,27.784,51,49,0,1,0,-87.764,-200,13.307,-0.199,-18.725,0,0,3,R,"Yaksok~",173.3,80,0.332,0,54,W,Y,0,0,0,0,0,0,0,0,0,0,0,0,0,0,0,0,0.246,-37.653,0,"하랑님_",-0.078,-17.385,0,"_Gosomi",-22.64,-48.058,0,"seikka",-13.207,-63.873,0,"하루（Haru）",17.457,-49.698,0,"k@ster",10.352,-66.199,0,"AI",40.9,-90.65,0,"うよすま",3.479,-115.678,0,"AI",-40.8,-90.55,0,0,0,0,0,0,"",0,0,0,0,3983.154,,,,0,0
142,7,0,5,7,1,1,0,0,0,0,255,255,255,7,3997.966,"ddil_ddil69",R,0,66,119,-1.35,0.253,0.335,2.11,-0.599,1.723,-36.68,39.194,84,14,2,2,0,0,0,8.223,0,0,1,0,3,R,"Yaksok~",173.3,80,0.332,3,54,W,Y,3999.061,181,125,76,84,58,145,126,106.595,-68.816,0.61,0,0.171,-15.204,-125.615,-59.502,0.198,-36.807,0,"하랑님_",-0.162,-17.38,0,"_Gosomi",-23.068,-48.692,0,"seikka",-13.172,-63.696,0,"하루（Haru）",17.378,-49.273,0,"k@ster",8.979,-65.981,0,"AI",40.9,-90.65,0,"うよすま",4.442,-115.414,0,"AI",-40.8,-90.55,0,0,0,0,0,0,"",0,0,0,0,,,,,8,3
143,7,0,5,7,1,2,0,0,0,0,255,255,255,8,4017.706,"ddil_ddil69",R,0,75,126,-1.059,0.355,0.362,2.125,-0.472,1.777,-36.68,43.173,91,6,3,2,0,0,0,9.726,0,0,1,0,3,R,"Yaksok~",173.3,80,0.332,3,54,W,Y,4018.806,142,162,63,62,27,137,83,19.234,37.021,0.97,0,0.16,132.161,533.133,-134.271,0.202,-37.082,0,"하랑님_",-0.097,-17.434,0,"_Gosomi",-24.361,-49.103,0,"seikka",-13.467,-63.5,0,"하루（Haru）",17.635,-49.199,0,"k@ster",9.028,-65.426,74,"AI",40.9,-90.65,0,"うよすま",3.436,-116.835,0,"AI",-40.8,-90.55,0,4021.775,-37.855,-61.262,4024.808,8,"AI",-56.591,-78.641,1,0,,4029.04,,,40,2
144,7,0,5,7,0,0,0,0,1,0,255,13,255,9,4044.841,"ddil_ddil69",R,26,89,140,-1.599,0.779,0.325,2.144,-0.644,1.842,-36.68,35.835,84,16,0,1,0,-45.606,-200,1.911,0,0,0,1,5,R,"시즈카_Shizuka",175.3,85.33,0.496,0,87,W,Y,0,0,0,0,0,0,0,0,0,0,0,0,0,0,0,0,0.175,-37.547,0,"하랑님_",-0.031,-17.48,0,"_Gosomi",-21.57,-46.485,0,"seikka",-13.082,-62.641,0,"하루（Haru）",18.964,-43.856,0,"k@ster",11.307,-65.732,0,"AI",40.9,-90.65,0,"うよすま",-5.349,-113.56,0,"AI",-40.8,-90.55,0,0,0,0,0,0,"",0,0,0,0,4046.197,,,,0,0
145,7,0,5,7,1,0,0,0,1,0,255,13,255,10,4059.308,"ddil_ddil69",R,26,85,137,2.243,3.653,0.463,2.358,1.007,3.511,-36.68,76.357,85,15,0,1,0,-31.114,-200,-13.962,0,0,0,1,5,R,"시즈카_Shizuka",175.3,85.33,0.496,0,87,W,Y,0,0,0,0,0,0,0,0,0,0,0,0,0,0,0,0,0.293,-37.554,0,"하랑님_",0.192,-17.222,0,"_Gosomi",-21.841,-47.768,0,"seikka",-13.033,-63.609,0,"하루（Haru）",18.374,-44.179,0,"k@ster",11.349,-65.784,0,"AI",40.9,-90.65,0,"うよすま",-3.976,-111.651,0,"AI",-40.8,-90.55,0,0,0,0,0,0,"",0,0,0,0,4060.708,4062.394,,,0,0
146,7,0,5,7,2,0,0,0,1,0,255,13,255,11,4073.391,"ddil_ddil69",R,10,71,113,-0.002,-0.709,0.461,2.14,-0.041,1.727,-36.68,39.747,97,3,0,2,0,15.554,400,-2.628,0,0,1,1,5,R,"시즈카_Shizuka",175.3,85.33,0.496,3,87,W,Y,4074.673,228,139,62,103,88,138,119,-30,48.668,0.21,0,0.823,166.335,-476.451,-85.393,0.234,-37.308,0,"하랑님_",-0.078,-17.285,0,"_Gosomi",-21.694,-47.632,0,"seikka",-9.514,-63.08,0,"하루（Haru）",15.963,-46.456,0,"k@ster",7.721,-65.919,0,"AI",40.9,-90.65,0,"うよすま",-4.047,-112.504,0,"AI",-40.8,-90.55,0,4074.564,-1.032,-20.503,0,0,"",0,0,0,0,,4079.994,,,8,3
147,7,0,5,7,2,1,0,0,1,0,255,13,255,12,4091.895,"ddil_ddil69",R,32,61,115,0.224,0.409,0.448,2.057,-0.268,1.68,-36.68,46.361,81,19,0,0,0,199.79,-124.226,8.016,0,0,1,1,5,R,"시즈카_Shizuka",175.3,85.33,0.496,0,49,W,Y,0,0,0,0,0,0,0,0,0,0,0,0,0,0,0,0,0.171,-37.662,0,"하랑님_",-0.078,-17.215,0,"_Gosomi",-22.521,-45.134,0,"seikka",-8.303,-63.433,0,"하루（Haru）",18.302,-44.062,0,"k@ster",3.92,-64.334,0,"AI",40.9,-90.65,0,"うよすま",-4.442,-110.068,0,"AI",-40.8,-90.55,0,0,0,0,0,0,"",0,0,0,0,4093.419,4095.046,,,0,0
148,7,0,5,7,2,2,0,0,1,0,255,13,255,13,4107.685,"ddil_ddil69",R,8,71,121,-1.03,-0.274,0.339,2.024,-0.577,1.419,-36.68,29.523,90,8,2,2,0,71.948,0,22.584,0,0,1,1,5,R,"시즈카_Shizuka",175.3,85.33,0.496,3,49,W,Y,4108.967,191,52,146,75,54,145,112,28.179,28.516,0.16,0,0.48,15.846,456.82,-388.67,0.216,-37.005,0,"하랑님_",-0.093,-17.148,0,"_Gosomi",-23.224,-48.041,0,"seikka",-9.401,-63.741,0,"하루（Haru）",17.63,-47.539,0,"k@ster",7.354,-65.382,72,"AI",40.9,-90.65,0,"うよすま",-4.029,-111.542,0,"AI",-40.8,-90.55,0,4113.83,-54.516,-102.136,4118.919,5,"k@ster",-1.309,-60.156,0,0,,4117.281,,,40,1
149,7,0,5,7,0,0,1,0,1,0,255,13,255,14,4139.019,"ddil_ddil69",R,6,67,108,3.012,0.049,0.538,2.084,0.348,1.633,-36.68,50.055,89,11,0,4,0,490.909,0,4.873,0,0,1,2,0,L,"Pring__",190,93.089,0.485,0,87,W,Y,0,0,0,0,0,0,0,0,0,0,0,0,0,0,0,0,0.305,-37.448,0,"하랑님_",0.088,-17.559,0,"_Gosomi",-20.169,-48.57,0,"seikka",-8.327,-62.996,0,"하루（Haru）",20.247,-45.839,0,"k@ster",14.014,-63.768,0,"AI",40.9,-90.65,0,"うよすま",13.712,-125.218,0,"AI",-40.8,-90.55,0,0,0,0,0,0,"",0,0,0,0,4140.496,4142.052,,,0,0
150,7,0,5,7,0,1,1,0,1,0,255,13,255,15,4155.692,"ddil_ddil69",R,32,72,124,0.861,-0.378,0.455,1.936,-0.039,1.154,-36.68,33.779,84,16,0,2,0,250,-200,4.299,0,0,1,2,0,L,"Pring__",190,93.089,0.485,3,87,W,Y,4156.733,255,151,97,103,63,145,130,35.864,18.388,0.53,0,0.598,101.506,-547.721,-222.93,0.022,-36.759,0,"하랑님_",-0.16,-17.355,0,"_Gosomi",-21.535,-48.64,0,"seikka",-11.451,-64.543,0,"하루（Haru）",20.275,-45.85,0,"k@ster",12.57,-64.243,81,"AI",40.9,-90.65,0,"うよすま",11.211,-123.32,0,"AI",-40.8,-90.55,0,4162.707,-18.617,-134.756,4164.052,7,"うよすま",-18.841,-129.522,1,0,,4167.883,4163.383,4168.502,42,2
151,7,0,5,8,0,0,1,0,1,0,255,10,255,16,4187.196,"ddil_ddil69",R,26,97,140,-0.957,-0.21,0.388,1.997,-0.234,1.284,-36.68,31.738,78,22,0,2,0,-141.771,-200,-12.718,0,0,1,3,1,R,"Oort__Cloud",190,80,0.2,3,87,W,Y,4188.435,255,96,104,36,15,145,111,29.35,41.519,0.88,0,0.206,142.684,-308.811,87.804,0.138,-37.169,0,"하랑님_",-0.07,-17.228,120,"_Gosomi",-22.166,-48.995,0,"seikka",-9.968,-63.313,0,"하루（Haru）",16.713,-48.287,0,"k@ster",7.784,-66.018,87,"AI",40.9,-90.65,0,"うよすま",-5.491,-120.253,0,"AI",-40.8,-90.55,0,4193.096,-59.816,-96.313,4194.885,8,"AI",-63.826,-103.047,1,0,4203.406,4199.399,4196.311,4201.154,56,2
152,7,0,5,9,0,0,1,0,1,0,255,11,255,17,4224.645,"ddil_ddil69",R,26,83,134,-1.253,1.867,0.379,2.318,-0.391,2.455,-36.68,46.92,86,14,0,1,0,-115.349,-200,9.669,0,0,0,4,4,L,"ぐだもん",174.5,80,0.528,0,87,W,Y,0,0,0,0,0,0,0,0,0,0,0,0,0,0,0,0,0.259,-37.708,0,"하랑님_",-0.043,-17.69,0,"_Gosomi",-21.203,-48.906,0,"seikka",-3.69,-60.016,0,"하루（Haru）",20.1,-45.431,0,"k@ster",14.782,-64.282,0,"AI",40.9,-90.65,0,"うよすま",6.876,-115.529,0,"AI",-40.8,-90.55,0,0,0,0,0,0,"",0,0,0,0,4226.062,4227.678,,,0,0
153,7,0,5,9,1,0,1,0,1,0,255,11,255,18,4241.262,"ddil_ddil69",R,26,85,138,-1.184,-0.321,0.376,1.963,-0.408,1.203,-36.68,23.445,90,10,0,2,0,-86.133,-200,12.933,0,0,1,4,4,L,"ぐだもん",174.5,80,0.528,3,87,W,Y,4242.4,217,36,29,67,22,102,97,28.567,-30.989,0.36,0,0.184,-101.108,-427.653,63.257,0.142,-37.164,0,"하랑님_",-0.093,-17.507,0,"_Gosomi",-22.73,-50.874,0,"seikka",-8.886,-62.772,0,"하루（Haru）",20.415,-46.253,0,"k@ster",16.094,-63.567,0,"AI",40.9,-90.65,0,"うよすま",6.677,-115.422,0,"AI",-40.8,-90.55,0,4247.028,49.635,-87.003,4251.806,4,"하루（Haru）",20.343,-41.251,0,0,,4248.044,,,72,1
154,7,0,5,9,0,0,2,0,1,0,255,11,255,19,4269.022,"ddil_ddil69",R,29,88,140,-0.505,1.767,0.45,2.366,0.044,2.524,-36.68,58.684,95,5,0,1,0,-202.582,-200,11.601,0,0,0,5,2,L,"Pugeuk",190,86.201,0.347,0,87,W,Y,0,0,0,0,0,0,0,0,0,0,0,0,0,0,0,0,0.336,-37.597,0,"하랑님_",-0.097,-17.338,0,"_Gosomi",-21.293,-50.53,0,"seikka",-5.51,-62.634,0,"하루（Haru）",19.782,-45.634,0,"k@ster",14.607,-64.055,0,"AI",40.9,-90.65,0,"うよすま",5.913,-123.354,0,"AI",-40.8,-90.55,0,0,0,0,0,0,"",0,0,0,0,4270.462,4272.316,,,0,0
155,7,0,5,9,1,0,2,0,1,0,255,11,255,20,4284.254,"ddil_ddil69",R,26,94,140,-1.272,0.244,0.355,2.065,-0.505,1.571,-36.68,37.137,93,7,0,0,1,-44.094,-200,-1.717,0,0,1,5,2,L,"Pugeuk",190,86.201,0.347,0,87,W,Y,0,0,0,0,0,0,0,0,0,0,0,0,0,0,0,0,0.226,-37.345,0,"하랑님_",0.05,-17.303,0,"_Gosomi",-21.735,-50.856,0,"seikka",-4.568,-63.495,0,"하루（Haru）",20.062,-42.599,0,"k@ster",14.91,-63.899,0,"AI",40.9,-90.65,0,"うよすま",6.799,-120.905,0,"AI",-40.8,-90.55,0,0,0,0,0,0,"",0,0,0,0,4285.661,4287.194,4302.376,,0,0
156,7,0,5,9,1,1,2,0,0,1,255,255,11,21,4318.528,"ddil_ddil69",R,14,74,113,1.626,-0.687,0.463,2.066,-0.002,1.574,-36.68,38.093,84,14,3,2,0,384.405,319.738,25.194,0,0,1,5,2,L,"Pugeuk",190,86.201,0.347,3,81,W,Y,4319.832,206,145,95,94,36,145,93,-30,-19.23,0.97,0,0.632,-2.085,301.204,182.327,0.223,-37.108,0,"하랑님_",0.012,-17.186,0,"_Gosomi",-21.149,-50.246,0,"seikka",-9.367,-66.552,0,"하루（Haru）",18.237,-45.037,111,"k@ster",15.483,-62.922,0,"AI",40.9,-90.65,0,"うよすま",7.137,-121.056,0,"AI",-40.8,-90.55,0,4319.75,0.791,-22.061,4321.705,4,"하루（Haru）",12.389,-44.937,0,0,,,,4325.093,68,2
157,8,1,5,9,0,0,0,0,0,0,255,255,255,14,4370.187,"Pring__",R,32,88,140,-1.693,0.25,-0.017,1.363,-1.01,1.615,-36.186,15.117,15,85,0,1,0,250,-200,44.645,0,0,0,6,4,L,"하루（Haru）",190,95.172,0.403,0,87,W,Y,0,0,0,0,0,0,0,0,0,0,0,0,0,0,0,0,-0.115,-37.56,0,"Oort__Cloud",-0.113,-17.383,0,"Pugeuk",-18.782,-48.061,0,"Yaksok~",-11.687,-65.613,0,"ぐだもん",23.579,-49.564,0,"시즈카_Shizuka",11.899,-64.753,0,"AI",40.9,-90.65,0,"AI",0,-109.84,0,"HANA_ARASHI",-42.224,-100.826,0,0,0,0,0,0,"",0,0,0,0,4371.482,,,,0,0
158,8,1,5,9,1,0,0,0,0,0,255,255,255,15,4384.407,"Pring__",R,32,75,126,1.973,1.073,0.307,1.525,0.499,2.139,-36.186,44.681,0,100,0,4,0,238.893,-166.963,-8.756,0,0,1,6,4,L,"하루（Haru）",190,95.172,0.403,0,87,W,Y,0,0,0,0,0,0,0,0,0,0,0,0,0,0,0,0,0.095,-37.556,0,"Oort__Cloud",0.051,-17.517,0,"Pugeuk",-19.007,-48.152,0,"Yaksok~",-11.685,-65.604,0,"ぐだもん",23.648,-49.644,0,"시즈카_Shizuka",12.336,-64.64,0,"AI",40.9,-90.65,0,"AI",0,-109.85,0,"HANA_ARASHI",-41.411,-100.385,0,0,0,0,0,0,"",0,0,0,0,4385.561,,,,0,0
159,8,1,5,9,1,1,0,0,0,0,255,255,255,16,4402.454,"Pring__",R,13,78,104,-0.481,-0.411,0.35,1.444,0.466,1.803,-36.186,37.264,0,100,0,2,0,-363.15,320.104,7.38,0,0,1,6,4,L,"하루（Haru）",190,95.172,0.403,3,87,W,Y,4403.62,193,126,45,62,64,133,92,33.974,46.151,0.94,0,0.328,-142.125,-40.749,269.006,-0.132,-36.994,0,"Oort__Cloud",-0.034,-17.748,0,"Pugeuk",-18.939,-48.068,0,"Yaksok~",-11.691,-65.605,0,"ぐだもん",23.655,-49.729,0,"시즈카_Shizuka",12.086,-64.585,0,"AI",40.9,-90.65,0,"AI",0,-109.84,0,"HANA_ARASHI",-41.095,-99.778,0,4407.449,-51.458,-71.089,0,0,"",0,0,0,0,,,,,4,3
160,8,1,5,9,1,2,0,0,0,0,255,255,255,17,4467.692,"Pring__",R,26,72,124,2.586,0.648,0.379,1.586,0.881,1.872,-36.186,57.617,9,91,0,2,0,156.384,-156.951,-8.892,0,0,1,6,4,L,"하루（Haru）",190,95.172,0.403,3,36,W,Y,4468.842,209,115,157,98,62,145,130,-30,15.869,0.39,0,0.268,-127.3,303.085,239.006,-0.669,-36.855,0,"Oort__Cloud",0.026,-17.515,0,"Pugeuk",-20.341,-49.092,73,"Yaksok~",-11.499,-65.617,106,"HANA_ARASHI",22.903,-51.666,0,"시즈카_Shizuka",12.362,-64.106,0,"AI",40.9,-90.65,0,"AI",0,-109.84,0,"AI",-40.8,-90.55,0,4468.659,-0.087,-21.974,4470.859,3,"Yaksok~",-16.152,-62.009,0,0,,,,,37,2
161,8,1,5,9,0,0,1,0,0,0,255,255,255,18,4495.626,"Pring__",R,32,85,138,-0.359,-0.44,0.106,1.437,-0.439,1.178,-36.186,21.168,32,68,0,0,0,218.499,-192.814,15.925,0,0,0,0,3,R,"seikka",178.3,90,0.397,0,87,W,Y,0,0,0,0,0,0,0,0,0,0,0,0,0,0,0,0,-0.237,-37.798,0,"Oort__Cloud",0.002,-17.314,0,"Pugeuk",-20.496,-49.37,0,"Yaksok~",-14.75,-64.036,0,"HANA_ARASHI",20.696,-49.644,0,"시즈카_Shizuka",7.165,-65.857,0,"AI",40.9,-90.65,0,"AI",0,-109.84,0,"AI",-40.8,-90.55,0,0,0,0,0,0,"",0,0,0,0,4496.971,,,,0,0
162,8,1,5,9,0,1,1,0,0,0,255,255,255,19,4512.238,"Pring__",R,32,82,134,1.288,1.074,0.247,1.494,0.217,2.065,-36.186,36.469,0,100,0,2,0,247.653,-200,1.229,0,0,1,0,3,R,"seikka",178.3,90,0.397,3,87,W,Y,4513.414,255,36,10,19,0,30,44,-49.97,-50.91,0.29,0,0.256,504.712,282.647,1.956,-0.069,-37.056,0,"Oort__Cloud",0.001,-17.418,0,"Pugeuk",-20.56,-49.409,0,"Yaksok~",-14.231,-64.329,0,"HANA_ARASHI",19.374,-48.441,0,"시즈카_Shizuka",6.824,-66.303,0,"AI",40.9,-90.65,0,"AI",0,-109.84,0,"AI",-40.8,-90.55,0,4513.359,1.458,-19.632,0,0,"",0,0,0,0,,,,,4,3
163,8,1,5,9,0,2,1,0,0,0,255,255,255,20,4535.076,"Pring__",R,13,79,105,-0.254,-0.636,0.497,1.571,0.61,1.643,-36.186,46.75,0,100,0,2,0,-394.13,281.985,5.607,0,0,1,0,3,R,"seikka",178.3,90,0.397,3,87,W,Y,4536.354,225,158,74,71,39,145,101,34.858,36.733,-0.08,0,0.401,1.21,-108.922,25.81,-0.23,-37.403,0,"Oort__Cloud",-0.081,-17.67,0,"Pugeuk",-20.918,-48.2,0,"Yaksok~",-14.788,-64.023,0,"HANA_ARASHI",20.895,-51.756,0,"시즈카_Shizuka",7.077,-66.665,0,"AI",40.9,-90.65,0,"AI",0,-109.84,0,"AI",-40.8,-90.55,0,4540.892,-48.293,-87.501,0,0,"",0,0,0,0,,,,,4,1
164,8,1,5,9,0,0,2,0,0,0,255,255,255,21,4561.97,"Pring__",R,3,76,114,-0.198,-0.064,0.359,1.453,0.739,1.58,-36.186,43.359,0,100,0,0,0,-500,0,5.608,0,0,1,1,7,R,"うよすま",176.4,85.385,0.503,0,87,W,Y,0,0,0,0,0,0,0,0,0,0,0,0,0,0,0,0,0,-37.574,0,"Oort__Cloud",-0.168,-17.57,0,"Pugeuk",-20.382,-46.596,0,"Yaksok~",-16.026,-63.452,0,"HANA_ARASHI",17.358,-60.721,0,"시즈카_Shizuka",2.503,-65.185,0,"AI",40.9,-90.65,0,"AI",0,-109.84,0,"AI",-40.8,-90.55,0,0,0,0,0,0,"",0,0,0,0,4563.103,,,,0,0
165,8,1,5,9,0,1,2,0,0,0,255,255,255,22,4577.612,"Pring__",R,32,86,139,-1.033,0.045,0.132,1.419,-0.78,1.461,-36.186,27.626,13,87,0,2,0,250,-200,0.061,0,0,1,1,7,R,"うよすま",176.4,85.385,0.503,3,87,W,Y,4578.544,253,88,98,94,21,145,107,25.773,-15.89,0.88,0,0.365,-125.499,-377.319,114.256,-0.233,-36.854,0,"Oort__Cloud",-0.084,-17.221,0,"Pugeuk",-20.747,-47.608,0,"Yaksok~",-16.06,-63.48,0,"HANA_ARASHI",17.565,-58.697,0,"시즈카_Shizuka",3.759,-66.203,0,"AI",40.9,-90.65,0,"AI",0,-109.84,0,"AI",-40.8,-90.55,0,4582.902,31.868,-104.49,4588.358,0,"Pring__",2.787,-42.185,0,0,,,,,12,1
