id,inn,half,scoreA,scoreB,ball,strk,out,b1,b2,b3,b1Idx,b2Idx,b3Idx,pCnt,pSec,pName,pHand,pType,pPow,spdK,zoneX,zoneY,startX,startY,targetX,targetY,zDist,pitchAngle,pOver,pSide,pUnder,call,balk,sH,sV,gyro,plx,plz,bSwing,bIdx,bPos,bZone,bName,bHCm,batLen,batCen,batType,bFps,bOS,bVR,hSec,rotS,rotL,shS,lgS,prepS,batSpd,ev,ldeg,sdeg,hPos,buntGrip,handDist,angVeloX,angVeloY,angVeloZ,PPosX,PPosY,PThrSpd,CName,CPosX,CPosY,CThrSpd,1BName,1BPosX,1BPosY,1BThrSpd,2BName,2BPosX,2BPosY,2BThrSpd,3BName,3BPosX,3BPosY,3BThrSpd,SSName,SSPosX,SSPosY,SSThrSpd,LFName,LFPosX,LFPosY,LFThrSpd,CFName,CFPosX,CFPosY,CFThrSpd,RFName,RFPosX,RFPosY,RFThrSpd,ltSec,lx,lz,cSec,cPos,cPlr,cx,cz,1BSafe,tag,cpSec,sb2Sec,sb3Sec,sbhSec,ass,result
1,1,1,0,0,0,0,0,0,0,0,255,255,255,0,268.01,"Floră",R,3,75,103,1.752,-0.586,0.67,1.567,1.457,1.26,-36.338,28.779,0,100,0,4,0,-433.897,0,15.031,0,0,0,0,2,L,"Kr_Luna",190,95.256,0.499,0,88,W,Y,0,0,0,0,0,0,0,0,0,0,0,0,0,0,0,0,0.22,-37.455,0,"Pring__",-0.01,-17.505,0,"うよすま",-19.995,-44.222,0,"Ѕeyeon",-13.293,-65.818,0,"yumi2012",23.811,-49.526,0,"ByeolBam",14.468,-64.196,0,"AI",40.9,-90.65,0,"AI",0,-109.84,0,"AI",-40.8,-90.55,0,0,0,0,0,0,"",0,0,0,0,269.338,,,,0,0
2,1,1,0,0,0,1,0,0,0,0,255,255,255,1,279.977,"Floră",R,3,74,101,-0.768,-0.638,0.385,1.554,0.572,1.23,-36.338,44.232,0,100,0,0,0,-459.091,0,15.458,0,0,0,0,2,L,"Kr_Luna",190,95.256,0.499,0,88,W,Y,0,0,0,0,0,0,0,0,0,0,0,0,0,0,0,0,0.122,-37.374,0,"Pring__",-0.005,-17.51,0,"うよすま",-20.618,-46.751,0,"Ѕeyeon",-13.119,-65.146,0,"yumi2012",23.697,-49.325,0,"ByeolBam",14.55,-64.19,0,"AI",40.9,-90.65,0,"AI",0,-109.84,0,"AI",-40.8,-90.55,0,0,0,0,0,0,"",0,0,0,0,281.296,,,,0,0
3,1,1,0,0,0,2,0,0,0,0,255,255,255,2,293.029,"Floră",R,32,84,136,0.763,0.03,0.222,1.546,0.1,1.64,-36.338,23.741,0,100,0,2,0,165.607,10.295,4.647,0,0,0,0,2,L,"Kr_Luna",190,95.256,0.499,3,88,W,Y,293.8,185,105,123,64,26,145,130,25.469,-17.311,0.35,0,0.088,183.048,-541.842,32.418,-0.212,-36.805,0,"Pring__",-0.028,-17.594,0,"うよすま",-21.8,-48.594,0,"Ѕeyeon",-13.159,-65.196,0,"yumi2012",24.158,-50.469,0,"ByeolBam",14.586,-64.207,0,"AI",40.9,-90.65,0,"AI",0,-109.84,0,"AI",-40.8,-90.55,0,298.821,49.293,-125.962,0,0,"",0,0,0,0,,304.492,309.824,308.91,32,4
4,1,1,1,0,0,0,0,0,0,0,255,255,255,3,334.025,"Floră",R,4,72,105,1.959,-0.807,0.686,1.567,1.198,1.185,-36.338,20.179,0,93,7,2,0,-235.676,0,22.261,0,0,1,1,5,R,"k@ster",160,95.017,0.646,3,87,W,Y,335.025,117,100,50,61,51,131,107,110.404,-37.083,0.25,0,0.383,314.443,-64.701,297.606,0.224,-37.209,0,"Pring__",0.015,-17.616,0,"うよすま",-19.096,-44.476,0,"Ѕeyeon",-16.033,-65.39,0,"yumi2012",25.128,-50.931,0,"ByeolBam",12.963,-64.676,0,"AI",40.9,-90.65,0,"AI",0,-109.84,0,"AI",-40.8,-90.55,0,0,0,0,0,0,"",0,0,0,0,,,,,32,3
5,1,1,1,0,0,1,0,0,0,0,255,255,255,4,349.443,"Floră",R,3,71,101,0.538,0.328,0.616,1.605,0.979,1.794,-36.338,12.798,0,100,0,0,0,-378.882,0,22.22,0,0,0,1,5,R,"k@ster",160,95.017,0.646,0,87,W,Y,0,0,0,0,0,0,0,0,0,0,0,0,0,0,0,0,0.149,-37.39,0,"Pring__",0.035,-17.468,0,"うよすま",-19.895,-43.011,0,"Ѕeyeon",-16.398,-64.77,0,"yumi2012",22.904,-49.234,0,"ByeolBam",12.711,-64.538,0,"AI",40.9,-90.65,0,"AI",0,-109.84,0,"AI",-40.8,-90.55,0,0,0,0,0,0,"",0,0,0,0,350.763,,,,0,0
6,1,1,1,0,0,2,0,0,0,0,255,255,255,5,361.137,"Floră",R,13,78,104,0.866,-1.428,0.643,1.439,1.065,1.37,-36.338,25.428,0,100,0,2,0,-355.844,329.155,15.226,0,0,1,1,5,R,"k@ster",160,95.017,0.646,3,87,W,Y,362.17,124,101,57,50,29,135,105,-30,-34.191,0.08,0,0.261,-278.095,-308.788,-264.305,0.345,-37.171,0,"Pring__",-0.027,-17.615,0,"うよすま",-20.747,-46.244,81,"Ѕeyeon",-16.326,-64.927,0,"yumi2012",24.887,-50.198,0,"ByeolBam",13.258,-64.1,0,"AI",40.9,-90.65,0,"AI",0,-109.84,0,"AI",-40.8,-90.55,0,362.138,0.53,-20.629,363.979,4,"yumi2012",20,-47.349,1,0,,,,,37,2
7,1,1,1,0,0,0,0,1,0,0,5,255,255,6,385.927,"Floră",R,38,56,98,1.429,-0.157,0.554,1.678,0.533,1.523,-36.338,37.86,0,100,0,0,0,41.289,-7.534,2.817,0,0,1,2,4,L,"HOGGYS 호기스",174.5,90,0.45,0,85,W,Y,0,0,0,0,0,0,0,0,0,0,0,0,0,0,0,0,0.1,-37.38,0,"Pring__",0.007,-17.988,0,"うよすま",-18.822,-43.209,0,"Ѕeyeon",-7.897,-60.95,0,"yumi2012",25.372,-51.861,0,"ByeolBam",15.932,-62.823,0,"AI",40.9,-90.65,0,"AI",0,-109.84,0,"AI",-40.8,-90.55,0,0,0,0,0,0,"",0,0,0,0,387.421,,,,0,0
8,1,1,1,0,0,1,0,1,0,0,5,255,255,7,399.048,"Floră",R,34,71,110,0.944,0.094,0.376,1.625,0.237,1.66,-36.338,27.179,0,100,0,2,0,90.968,-5.953,3.838,0,0,1,2,4,L,"HOGGYS 호기스",174.5,90,0.45,3,85,W,Y,400.121,183,94,63,49,0,137,106,26.095,-8.52,0.12,0,0.365,126.906,-277.696,93.009,0.115,-37.15,0,"Pring__",-0.046,-18.005,0,"うよすま",-19.009,-42.902,0,"Ѕeyeon",-6.358,-60.654,0,"yumi2012",25.332,-51.832,0,"ByeolBam",15.832,-62.83,86,"AI",40.9,-90.65,0,"AI",0,-109.84,0,"AI",-40.8,-90.55,0,404.896,19.1,-108.99,408.446,7,"AI",24.38,-131.441,1,0,,406.533,411.236,,48,2
9,1,1,1,0,0,0,0,0,1,1,255,4,5,8,431.467,"Floră",R,33,85,137,2.14,0.062,0.379,1.653,0.369,1.312,-36.338,22.94,0,100,0,2,0,144.618,11.023,4.58,0,0,1,3,3,R,"_Gosomi",175.2,85.099,0.49,3,82,W,Y,432.541,188,18,106,96,69,145,102,-6.702,3.205,0.03,0,0.32,-339.237,351.743,30.454,0.022,-37.262,0,"Pring__",0.047,-17.732,0,"うよすま",-21.09,-47.382,0,"Ѕeyeon",-13.928,-62.086,0,"yumi2012",22.678,-46.965,0,"ByeolBam",12.248,-59.879,74,"AI",40.9,-90.65,0,"AI",0,-109.84,0,"AI",-40.8,-90.55,0,432.671,-0.131,-23.539,436.654,7,"AI",-4.881,-93.235,1,0,,,440.086,437.321,48,2
10,1,1,2,0,0,0,0,1,1,0,3,4,255,9,459.18,"Floră",R,6,65,96,4.046,-0.217,0.553,1.6,1.043,1.498,-36.338,43.275,0,100,0,4,0,390.698,0,-10.282,0,0,1,4,1,L,"눈꽃",190,80,0.497,0,82,W,Y,0,0,0,0,0,0,0,0,0,0,0,0,0,0,0,0,0.049,-37.231,0,"Pring__",0.274,-17.444,0,"うよすま",-17.788,-41.698,0,"Ѕeyeon",-10.116,-63.378,0,"yumi2012",23.577,-47.339,0,"ByeolBam",15.001,-62.948,0,"AI",40.902,-90.652,0,"AI",0,-109.843,0,"AI",-40.802,-90.552,0,0,0,0,0,0,"",0,0,0,0,460.754,,,,0,0
11,1,1,2,0,0,1,0,1,1,0,3,4,255,10,472.004,"Floră",R,3,73,101,0.771,-0.674,0.68,1.543,1.179,1.207,-36.338,24.335,0,95,5,0,0,-432.281,0,19.949,0,0,0,4,1,L,"눈꽃",190,80,0.497,0,82,W,Y,0,0,0,0,0,0,0,0,0,0,0,0,0,0,0,0,0.106,-37.444,0,"Pring__",0.011,-17.516,0,"うよすま",-18.353,-40.799,0,"Ѕeyeon",-8.845,-62.317,0,"yumi2012",23.529,-47.425,0,"ByeolBam",14.961,-62.939,0,"AI",40.903,-90.652,0,"AI",0,-109.843,0,"AI",-40.803,-90.552,0,0,0,0,0,0,"",0,0,0,0,473.671,,,,0,0
12,1,1,2,0,0,2,0,1,1,0,3,4,255,11,484.44,"Floră",R,3,82,108,-0.592,0.285,0.454,1.62,0.477,1.804,-36.338,32.949,0,100,0,2,0,-408.717,0,8.419,0,0,1,4,1,L,"눈꽃",190,80,0.497,3,82,W,Y,485.532,255,212,105,107,46,145,130,-30,22.11,0.46,0,0.567,-345.707,-64.402,485.784,0.238,-37.106,0,"Pring__",-0.028,-17.64,0,"うよすま",-18.814,-44.938,0,"Ѕeyeon",-9.856,-61.323,85,"yumi2012",23.426,-47.388,0,"ByeolBam",14.948,-62.876,0,"AI",40.904,-90.654,0,"AI",0,-109.845,0,"AI",-40.804,-90.554,0,485.538,-0.945,-22.833,487.396,3,"Ѕeyeon",-8.641,-57.739,1,0,,489.546,489.725,,34,2
13,1,1,2,0,0,0,0,1,1,1,1,3,4,12,514.623,"Floră",R,3,68,97,1.114,0.239,0.662,1.736,1.166,1.781,-36.338,30.337,0,100,0,0,0,-423.778,0,26.435,0,0,0,5,0,R,"소솨소솨",190,80,0.498,0,80,W,Y,0,0,0,0,0,0,0,0,0,0,0,0,0,0,0,0,-0.079,-37.444,0,"Pring__",-0.065,-17.771,0,"うよすま",-19.654,-41.543,0,"Ѕeyeon",-12.597,-62.582,0,"yumi2012",21.152,-43.236,0,"ByeolBam",11.723,-64.862,0,"AI",40.903,-90.652,0,"AI",0,-109.843,0,"AI",-40.803,-90.552,0,0,0,0,0,0,"",0,0,0,0,516.254,517.12,517.117,,0,0
14,1,1,2,0,0,1,0,1,1,1,1,3,4,13,527.823,"Floră",R,32,85,138,-0.495,0.16,0.203,1.56,-0.45,1.685,-36.338,22.024,0,100,0,0,0,170.462,-32.39,3.444,0,0,0,5,0,R,"소솨소솨",190,80,0.498,0,80,W,Y,0,0,0,0,0,0,0,0,0,0,0,0,0,0,0,0,-0.243,-37.664,0,"Pring__",-0.071,-18.091,0,"うよすま",-19.386,-41.971,0,"Ѕeyeon",-13.645,-64.012,0,"yumi2012",21.285,-43.546,0,"ByeolBam",12.648,-64.52,0,"AI",40.902,-90.652,0,"AI",0,-109.843,0,"AI",-40.802,-90.552,0,0,0,0,0,0,"",0,0,0,0,529.163,530.636,530.5,,0,0
15,1,1,2,0,0,2,0,1,1,1,1,3,4,14,547.255,"Floră",R,33,92,140,-6.671,-0.428,-0.112,1.688,-3.068,1.33,-36.338,9.127,0,100,0,1,0,123.985,-5.203,5.562,0,0,0,5,0,R,"소솨소솨",190,80,0.498,0,80,W,Y,0,0,0,0,0,0,0,0,0,0,0,0,0,0,0,0,-0.175,-37.449,0,"Pring__",-0.687,-17.732,0,"うよすま",-19.676,-40.558,0,"Ѕeyeon",-13.965,-63.631,0,"yumi2012",21.097,-43.288,0,"ByeolBam",12.645,-64.495,0,"AI",40.902,-90.652,0,"AI",0,-109.843,0,"AI",-40.802,-90.552,0,0,0,0,0,0,"",0,0,0,0,548.571,,,,0,0
16,1,1,2,0,1,2,0,1,1,1,1,3,4,15,563.677,"Floră",R,32,87,140,0.542,-0.328,0.304,1.672,0.018,1.403,-36.338,24.058,0,100,0,0,0,158.348,3.854,3.573,0,0,1,5,0,R,"소솨소솨",190,80,0.498,0,80,W,Y,0,0,0,0,0,0,0,0,0,0,0,0,0,0,0,0,-0.059,-37.378,0,"Pring__",-0.061,-17.949,0,"うよすま",-19.606,-42.511,0,"Ѕeyeon",-13.879,-63.68,0,"yumi2012",21.367,-43.585,0,"ByeolBam",12.618,-64.502,0,"AI",40.902,-90.652,0,"AI",0,-109.843,0,"AI",-40.802,-90.552,0,0,0,0,0,0,"",0,0,0,0,565.113,565.977,567.141,,0,0
17,1,1,2,0,0,0,1,1,1,1,1,3,4,16,588.689,"Floră",R,0,63,103,2.611,-0.677,0.527,1.539,1.121,1.202,-36.338,60.007,0,100,0,2,0,0,0,-1.536,0,0,0,0,2,L,"Kr_Luna",190,95.256,0.499,3,78,W,Y,589.655,154,111,92,87,65,145,109,-20.612,-50.492,0.93,0,0.169,274.083,60.453,-272.204,-0.228,-36.716,0,"Pring__",-0.086,-17.65,0,"うよすま",-18.096,-41.142,0,"Ѕeyeon",-11.351,-61.067,0,"yumi2012",22.476,-46.803,0,"ByeolBam",12.778,-63.969,0,"AI",40.9,-90.65,0,"AI",0,-109.84,0,"AI",-40.8,-90.55,0,589.613,2.665,-22.172,0,0,"",0,0,0,0,,593.322,592.357,,32,3
18,1,1,2,0,0,1,1,1,1,1,1,3,4,17,603.369,"Floră",R,7,62,98,4.137,-0.484,0.537,1.543,1.37,1.269,-36.338,60.48,0,100,0,4,0,199.884,-51.123,-18.058,0,0,0,0,2,L,"Kr_Luna",190,95.256,0.499,0,78,W,Y,0,0,0,0,0,0,0,0,0,0,0,0,0,0,0,0,-0.106,-37.27,0,"Pring__",-0.011,-17.649,0,"うよすま",-18.3,-41.505,0,"Ѕeyeon",-8.694,-61.161,0,"yumi2012",22.03,-43.63,0,"ByeolBam",14.859,-62.836,0,"AI",40.9,-90.65,0,"AI",0,-109.84,0,"AI",-40.8,-90.55,0,0,0,0,0,0,"",0,0,0,0,604.663,605.738,605.41,,0,0
19,1,1,2,0,0,2,1,1,1,1,1,3,4,18,617.112,"Floră",R,3,65,94,1.141,-0.831,0.652,1.45,1.415,1.119,-36.338,40.171,0,100,0,2,0,-427.273,0,13.676,0,0,0,0,2,L,"Kr_Luna",190,95.256,0.499,3,78,W,Y,618.087,93,148,80,99,64,132,107,-14.823,-35.087,0.9,0,0.125,-110.465,-202.042,72.812,0.263,-36.897,0,"Pring__",-0.027,-17.68,0,"うよすま",-18.721,-41.292,0,"Ѕeyeon",-8.591,-60.574,89,"yumi2012",22.011,-45.087,0,"ByeolBam",14.807,-62.754,0,"AI",40.9,-90.65,0,"AI",0,-109.84,0,"AI",-40.8,-90.55,0,618.038,1.883,-22.938,621.754,6,"AI",34.678,-77.03,1,0,,622.71,623.081,623.048,34,2
20,1,1,3,0,0,0,1,1,1,1,2,1,3,19,639.666,"Floră",R,33,91,126,-2.114,-0.296,-0.064,1.659,-1.128,1.42,-36.338,3.593,0,100,0,1,0,139.476,-6.207,3.915,0,0,0,1,5,R,"k@ster",160,95.017,0.646,0,77,W,Y,0,0,0,0,0,0,0,0,0,0,0,0,0,0,0,0,-0.043,-37.319,0,"Pring__",-0.07,-17.886,0,"うよすま",-20.056,-40.512,0,"Ѕeyeon",-11.385,-61.892,0,"yumi2012",22.181,-48.986,0,"ByeolBam",13.636,-64.607,0,"AI",40.9,-90.65,0,"AI",0,-109.84,0,"AI",-40.8,-90.55,0,0,0,0,0,0,"",0,0,0,0,640.879,642.004,,,0,0
21,1,1,3,0,1,0,1,1,1,1,2,1,3,20,653.055,"Floră",R,32,85,138,-1.689,-0.234,0.096,1.7,-0.949,1.462,-36.338,10.626,0,100,0,2,0,156.752,-0.526,6.634,0,0,1,1,5,R,"k@ster",160,95.017,0.646,3,77,W,Y,653.95,122,113,80,45,21,137,122,2.06,11.347,0.35,0,0.134,62.482,518.506,-98.772,-0.19,-37.096,0,"Pring__",-0.088,-17.906,120,"うよすま",-18.544,-43.382,69,"Ѕeyeon",-11.257,-61.888,103,"yumi2012",22.134,-48.75,0,"ByeolBam",13.539,-61.86,0,"AI",40.9,-90.65,0,"AI",0,-109.84,0,"AI",-40.8,-90.55,0,654.888,-7.22,-49.077,655.504,3,"Ѕeyeon",-9.336,-57.785,1,0,657.779,659.912,658.546,658.867,46,2
22,1,1,3,0,0,0,2,1,1,1,5,2,1,21,680.917,"Floră",R,3,65,95,1.471,-0.639,0.734,1.553,1.539,1.262,-36.338,34.655,0,87,13,0,0,-399.361,0,27.505,0,0,1,2,4,L,"HOGGYS 호기스",174.5,90,0.45,0,77,W,Y,0,0,0,0,0,0,0,0,0,0,0,0,0,0,0,0,0.148,-37.43,0,"Pring__",0.095,-18.119,0,"うよすま",-20.005,-41.864,0,"Ѕeyeon",-10.659,-62.278,0,"yumi2012",21.628,-44.76,0,"ByeolBam",15.532,-62.278,0,"AI",40.9,-90.65,0,"AI",0,-109.84,0,"AI",-40.8,-90.55,0,0,0,0,0,0,"",0,0,0,0,682.388,683.937,683.733,,0,0
23,1,1,3,0,0,1,2,1,1,1,5,2,1,22,695.072,"Floră",R,33,86,140,-1.379,-0.227,0.129,1.503,-0.794,1.488,-36.338,16.673,0,100,0,2,1,144.312,13.991,-0.262,0,0,1,2,4,L,"HOGGYS 호기스",174.5,90,0.45,3,77,W,Y,696.099,203,27,3,0,0,15,46,49.087,-46.242,-0.78,0,0.416,375.692,-408.187,-36.857,0.039,-37.214,0,"Pring__",-0.075,-17.821,0,"うよすま",-19.152,-45.145,0,"Ѕeyeon",-11.207,-62.126,0,"yumi2012",20.603,-47.774,0,"ByeolBam",15.55,-62.068,0,"AI",40.9,-90.65,0,"AI",0,-109.84,0,"AI",-40.8,-90.55,0,699.738,21.761,-36.638,699.954,4,"yumi2012",20.419,-35.68,0,0,757.354,,,,49,1
24,1,0,3,0,0,0,0,0,0,0,255,255,255,0,787.651,"소솨소솨",R,34,90,140,1.814,-0.023,0.35,1.72,0.698,1.539,-36.533,24.261,52,48,0,2,0,69.888,-44.93,-1.441,0,0,1,0,3,R,"Ѕeyeon",170.6,85,0.35,3,75,W,Y,788.667,154,49,61,11,0,107,104,-30,-40.365,0.73,0,0.557,-73.014,65.17,33.073,0.214,-37.745,0,"눈꽃",-0.044,-17.588,0,"Kr_Luna",-18.662,-46.664,79,"_Gosomi",-14.337,-58.653,0,"HOGGYS 호기스",22.268,-49.158,85,"k@ster",9.858,-66.289,0,"AI",40.9,-90.65,0,"AI",0,-109.84,0,"AI",-40.8,-90.55,0,788.638,1.423,-20.301,790.471,4,"HOGGYS 호기스",21.464,-43.89,0,1,,,,,37,2
25,1,0,3,0,0,0,1,0,0,0,255,255,255,1,812.923,"소솨소솨",R,5,68,118,-0.218,-0.469,0.208,1.659,0.038,1.327,-36.533,5.58,60,40,0,2,0,-97.188,0,0.105,0,0,1,1,5,R,"ByeolBam",175,92,0.5,3,75,W,Y,814.085,140,120,81,108,69,141,127,31.964,42.012,0.62,0,0.198,234.471,429.873,-32.311,-0.07,-37.541,0,"눈꽃",-0.069,-17.67,0,"Kr_Luna",-18.593,-46.862,0,"_Gosomi",-13.706,-63.463,0,"HOGGYS 호기스",23.087,-50.424,0,"k@ster",9.616,-66.365,0,"AI",40.9,-90.65,0,"AI",0,-109.84,0,"AI",-40.8,-90.55,0,819.213,-84.603,-95.595,0,0,"",0,0,0,0,,,,,32,3
26,1,0,3,0,0,1,1,0,0,0,255,255,255,2,832.788,"소솨소솨",R,28,74,126,-2.407,-0.507,-0.044,1.63,-1.136,1.226,-36.533,4.339,47,53,0,1,0,57.448,-72.927,5.13,0,0,0,1,5,R,"ByeolBam",175,92,0.5,0,88,W,Y,0,0,0,0,0,0,0,0,0,0,0,0,0,0,0,0,0.053,-37.846,0,"눈꽃",-0.045,-17.627,0,"Kr_Luna",-18.573,-46.716,0,"_Gosomi",-15.48,-62.492,0,"HOGGYS 호기스",23.086,-51.064,0,"k@ster",10.51,-65.953,0,"AI",40.9,-90.65,0,"AI",0,-109.84,0,"AI",-40.8,-90.55,0,0,0,0,0,0,"",0,0,0,0,834.213,,,,0,0
27,1,0,3,0,1,1,1,0,0,0,255,255,255,3,844.481,"소솨소솨",R,28,81,132,-4.054,-2.445,-0.033,1.494,-1.866,0.097,-36.533,12.775,50,50,0,1,0,68.574,-69.117,4.615,-0.779,-19.684,0,1,5,R,"ByeolBam",175,92,0.5,0,88,W,Y,0,0,0,0,0,0,0,0,0,0,0,0,0,0,0,0,0.072,-38.255,0,"눈꽃",-0.1,-17.69,0,"Kr_Luna",-18.539,-46.747,0,"_Gosomi",-14.948,-61.625,0,"HOGGYS 호기스",23.058,-51.048,0,"k@ster",10.53,-66.06,0,"AI",40.9,-90.65,0,"AI",0,-109.84,0,"AI",-40.8,-90.55,0,0,0,0,0,0,"",0,0,0,0,845.771,,,,0,0
28,1,0,3,0,2,1,1,0,0,0,255,255,255,4,858.555,"소솨소솨",R,34,99,140,-1.234,-0.647,0.057,1.606,-0.667,1.141,-36.533,1.553,54,46,0,2,0,94.899,-89.03,0.978,0,0,1,1,5,R,"ByeolBam",175,92,0.5,3,88,W,Y,859.493,194,142,145,70,43,145,110,-3.588,25.434,0.9,0,0.175,-137.988,482.528,126.084,-0.122,-37.469,0,"눈꽃",-0.423,-17.753,0,"Kr_Luna",-18.604,-46.707,85,"_Gosomi",-14.657,-62.488,0,"HOGGYS 호기스",23.081,-51.034,0,"k@ster",10.485,-65.895,0,"AI",40.9,-90.65,0,"AI",0,-109.84,0,"AI",-40.8,-90.55,0,859.671,-3.327,-25.153,860.763,2,"Kr_Luna",-14.735,-46.811,0,0,,,,,33,2
29,1,0,3,0,0,0,2,0,0,0,255,255,255,5,878.854,"소솨소솨",R,10,56,103,-0.354,-0.98,0.166,1.729,-0.159,1.575,-36.533,5.476,62,38,0,2,0,0,400,-5.175,0,0,1,2,4,R,"yumi2012",174.1,85,0.5,3,74,W,Y,880.127,121,137,76,88,67,137,106,-30,16.229,0.9,0,0.557,-12.052,-204.451,-67.049,-0.068,-37.709,0,"눈꽃",-0.069,-17.895,0,"Kr_Luna",-19.59,-47.614,70,"_Gosomi",-15.372,-61.98,86,"HOGGYS 호기스",22.968,-51.163,0,"k@ster",10.006,-66.209,0,"AI",40.9,-90.65,0,"AI",0,-109.84,0,"AI",-40.8,-90.55,0,880.113,-0.335,-21.145,882.229,3,"_Gosomi",-10.544,-56.398,0,0,,,,,41,2
30,2,1,3,0,0,0,0,0,0,0,255,255,255,23,920.593,"Floră",R,33,84,136,1.923,0.425,0.437,1.609,0.637,1.859,-36.338,29.011,0,100,0,2,0,138.301,9.669,4.157,0,0,1,3,3,R,"_Gosomi",175.2,85.099,0.49,3,74,W,Y,921.704,155,65,120,120,69,145,127,29.044,12.135,0.53,0,0.4,48.69,-26.548,-5.628,0.131,-37.253,0,"Pring__",-0.029,-17.565,0,"うよすま",-20.421,-46.135,0,"Ѕeyeon",-16.88,-63.238,0,"yumi2012",24.104,-51.619,0,"ByeolBam",13.457,-65.102,89,"AI",40.904,-90.654,0,"AI",0,-109.845,0,"AI",-40.804,-90.554,0,926.904,-22.607,-128.844,928.369,7,"AI",-21.04,-130.108,1,0,,931.82,,,34,2
31,2,1,3,0,0,0,0,0,1,0,255,3,255,24,951.175,"Floră",R,3,66,96,0.654,0.198,0.595,1.571,1.149,1.764,-36.338,37.571,0,100,0,2,0,-409.266,0,21.35,0,0,0,4,1,L,"눈꽃",190,80,0.497,3,73,W,Y,952.406,181,160,70,85,35,142,100,98.062,59.755,-0.29,0,0.457,235.793,141.918,-77.061,0.192,-37.18,0,"Pring__",-0.021,-17.569,0,"うよすま",-19.378,-46.813,0,"Ѕeyeon",-13.581,-66.856,0,"yumi2012",22.485,-49.055,0,"ByeolBam",15.515,-61.294,0,"AI",40.905,-90.654,0,"AI",0,-109.845,0,"AI",-40.805,-90.554,0,0,0,0,0,0,"",0,0,0,0,,955.689,,,32,3
32,2,1,3,0,0,1,0,0,1,0,255,3,255,25,966.314,"Floră",R,3,75,103,-0.486,-0.167,0.498,1.492,0.613,1.529,-36.338,27.157,0,100,0,2,0,-430.314,0,18.553,0,0,1,4,1,L,"눈꽃",190,80,0.497,3,73,W,Y,967.341,233,153,89,82,88,145,130,-15.137,-46.01,0.63,0,0.484,305.768,335.111,-185.889,0.133,-37.215,0,"Pring__",-0.088,-17.834,0,"うよすま",-20.434,-47.434,0,"Ѕeyeon",-12.771,-65.268,0,"yumi2012",22.867,-49.712,0,"ByeolBam",15.724,-62.89,0,"AI",40.904,-90.654,0,"AI",0,-109.845,0,"AI",-40.804,-90.554,0,967.388,3.296,-24.086,0,0,"",0,0,0,0,,971.523,,,32,0
33,2,1,3,0,0,2,0,0,1,0,255,3,255,26,981.305,"Floră",R,33,82,134,0.714,-0.848,0.325,1.574,0.114,1.083,-36.338,33.773,0,100,0,2,0,134.297,11.68,3.858,0,0,1,4,1,L,"눈꽃",190,80,0.497,3,73,W,Y,982.222,255,162,67,99,34,141,111,-6.574,7.873,0.91,0,0.459,-185.5,-215.073,268.793,-0.026,-36.641,0,"Pring__",-0.062,-17.687,0,"うよすま",-20.698,-47.738,90,"Ѕeyeon",-13.986,-66.706,0,"yumi2012",23.297,-49.593,0,"ByeolBam",16.067,-63.079,0,"AI",40.904,-90.654,0,"AI",0,-109.844,0,"AI",-40.804,-90.554,0,982.271,-0.369,-25.133,984.263,3,"Ѕeyeon",-7.659,-65.176,0,0,,989.134,,,41,2
34,2,1,3,0,0,0,1,0,1,0,255,3,255,27,1008.033,"Floră",R,33,82,133,2.925,0.046,0.528,1.548,1.062,1.647,-36.338,37.373,0,100,0,2,0,141.435,6.522,3.798,0,0,0,5,0,R,"소솨소솨",190,80,0.498,3,73,W,Y,1009.123,255,102,102,64,24,145,93,15.104,-36.446,-0.71,0,0.401,-101.845,-84.432,17.835,0.167,-37.017,0,"Pring__",-0.014,-17.709,0,"うよすま",-20.698,-46.925,0,"Ѕeyeon",-16.449,-65.026,0,"yumi2012",22.859,-51.451,85,"ByeolBam",11.853,-63.858,0,"AI",40.904,-90.654,0,"AI",0,-109.845,0,"AI",-40.804,-90.554,0,0,0,0,1011.179,4,"yumi2012",22.751,-49.278,0,0,,1012.858,,,36,1
35,2,1,3,0,0,0,2,0,1,0,255,3,255,28,1032.503,"Floră",R,0,63,103,2.745,0.394,0.537,1.622,1.179,1.878,-36.338,61.865,0,100,0,1,0,0,0,-7.65,0,0,0,0,2,L,"Kr_Luna",190,95.256,0.499,0,72,W,Y,0,0,0,0,0,0,0,0,0,0,0,0,0,0,0,0,0.134,-37.228,0,"Pring__",-0.009,-17.616,0,"うよすま",-20.406,-47.234,0,"Ѕeyeon",-9.069,-63.566,0,"yumi2012",23.689,-50.401,0,"ByeolBam",15.72,-62.43,0,"AI",40.9,-90.65,0,"AI",0,-109.84,0,"AI",-40.8,-90.55,0,0,0,0,0,0,"",0,0,0,0,1033.754,1034.713,,,0,0
36,2,1,3,0,1,0,2,0,1,0,255,3,255,29,1045.623,"Floră",R,3,67,96,1.47,-0.268,0.792,1.466,1.526,1.473,-36.338,24.643,0,87,13,2,0,-421.208,0,21.734,0,0,0,0,2,L,"Kr_Luna",190,95.256,0.499,3,72,W,Y,1046.596,156,80,90,77,35,145,130,113.013,53.749,0.55,0,0.143,365.066,-271.655,0.651,0.489,-36.778,0,"Pring__",-0.023,-17.708,0,"うよすま",-19.719,-48.068,0,"Ѕeyeon",-8.784,-63.245,0,"yumi2012",23.252,-50.71,0,"ByeolBam",15.713,-62.395,0,"AI",40.9,-90.65,0,"AI",0,-109.84,0,"AI",-40.8,-90.55,0,0,0,0,0,0,"",0,0,0,0,,1050.083,,,32,3
37,2,1,3,0,1,1,2,0,1,0,255,3,255,30,1059.356,"Floră",R,3,79,109,-0.561,-0.293,0.388,1.543,0.273,1.541,-36.338,38.989,0,100,0,2,0,-292.191,79.127,4.521,0,0,0,0,2,L,"Kr_Luna",190,95.256,0.499,3,72,W,Y,1060.253,220,159,142,98,62,145,130,-4.384,-39.737,0.57,0,0.094,42.713,246.968,28.68,-0.085,-36.774,0,"Pring__",-0.018,-17.75,0,"うよすま",-20.093,-47.847,0,"Ѕeyeon",-8.841,-63.291,0,"yumi2012",22.521,-51.053,106,"ByeolBam",15.678,-62.4,0,"AI",40.9,-90.65,0,"AI",0,-109.84,0,"AI",-40.8,-90.55,0,1060.404,6.581,-28.073,1061.654,4,"yumi2012",21.17,-45.902,0,0,,,,,44,2
38,2,0,3,0,0,0,0,0,0,0,255,255,255,6,1100.959,"소솨소솨",R,28,88,140,-1.006,-0.707,0.09,1.58,-0.512,1.098,-36.533,5.269,53,47,0,0,0,60.427,-75.749,2.605,0,0,0,3,2,R,"うよすま",190,85.385,0.503,0,73,W,Y,0,0,0,0,0,0,0,0,0,0,0,0,0,0,0,0,0.008,-38.071,0,"눈꽃",-0.057,-17.813,0,"Kr_Luna",-19.569,-49.298,0,"_Gosomi",-15.211,-60.821,0,"HOGGYS 호기스",23.102,-50.605,0,"k@ster",9.517,-66.316,0,"AI",40.9,-90.65,0,"AI",0,-109.84,0,"AI",-40.8,-90.55,0,0,0,0,0,0,"",0,0,0,0,1102.196,,,,0,0
39,2,0,3,0,0,1,0,0,0,0,255,255,255,7,1114.365,"소솨소솨",R,0,62,115,1.454,1.427,0.351,2.013,0.702,2.501,-36.533,29.591,92,8,0,1,0,-46.279,0,0.361,0,0,0,3,2,R,"うよすま",190,85.385,0.503,0,73,W,Y,0,0,0,0,0,0,0,0,0,0,0,0,0,0,0,0,0.04,-38.012,0,"눈꽃",-0.013,-17.829,0,"Kr_Luna",-19.569,-49.297,0,"_Gosomi",-15.068,-60.82,0,"HOGGYS 호기스",23.068,-50.64,0,"k@ster",9.668,-66.439,0,"AI",40.9,-90.65,0,"AI",0,-109.84,0,"AI",-40.8,-90.55,0,0,0,0,0,0,"",0,0,0,0,1115.696,,,,0,0
40,2,0,3,0,1,1,0,0,0,0,255,255,255,8,1127.998,"소솨소솨",R,28,82,133,-1.116,-0.735,0.087,1.573,-0.528,1.076,-36.533,6.295,43,57,0,0,0,27.043,-74.271,4.742,0,0,1,3,2,R,"うよすま",190,85.385,0.503,0,73,W,Y,0,0,0,0,0,0,0,0,0,0,0,0,0,0,0,0,0.058,-37.931,0,"눈꽃",-0.042,-17.828,0,"Kr_Luna",-19.547,-49.387,0,"_Gosomi",-14.994,-60.853,0,"HOGGYS 호기스",23.047,-50.657,0,"k@ster",9.64,-66.422,0,"AI",40.9,-90.65,0,"AI",0,-109.84,0,"AI",-40.8,-90.55,0,0,0,0,0,0,"",0,0,0,0,1129.188,,,,0,0
41,2,0,3,0,1,2,0,0,0,0,255,255,255,9,1142.045,"소솨소솨",R,33,80,130,0.393,-0.459,0.193,1.623,-0.033,1.238,-36.533,4.755,53,47,0,2,0,133.783,-84.217,-3.724,0,0,1,3,2,R,"うよすま",190,85.385,0.503,3,73,W,Y,1143.047,255,97,92,107,18,145,121,98.236,-77.33,0.21,0,0.399,-62.365,-420.023,112.669,-0.027,-37.565,0,"눈꽃",-0.043,-17.857,0,"Kr_Luna",-19.532,-49.368,0,"_Gosomi",-14.676,-60.583,0,"HOGGYS 호기스",23.094,-50.624,0,"k@ster",9.64,-66.453,0,"AI",40.9,-90.65,0,"AI",0,-109.84,0,"AI",-40.8,-90.55,0,0,0,0,0,0,"",0,0,0,0,,,,,32,3
42,2,0,3,0,1,2,0,0,0,0,255,255,255,10,1157.798,"소솨소솨",R,0,54,110,1,0.565,0.292,1.849,0.427,1.968,-36.533,14.659,51,49,0,2,0,0,0,-0.082,0,0,0,3,2,R,"うよすま",190,85.385,0.503,3,48,W,Y,1158.922,191,35,70,36,9,137,122,-30,46.469,0.74,0,0.297,-316.784,484.704,-143.325,0.164,-37.648,0,"눈꽃",-0.01,-17.857,0,"Kr_Luna",-20.481,-48.604,0,"_Gosomi",-14.553,-61.738,0,"HOGGYS 호기스",22.697,-50.976,0,"k@ster",10.181,-66.081,0,"AI",40.9,-90.65,0,"AI",0,-109.84,0,"AI",-40.8,-90.55,0,1158.854,-1.712,-20.446,0,0,"",0,0,0,0,,,,,32,3
43,2,0,3,0,1,2,0,0,0,0,255,255,255,11,1173.668,"소솨소솨",R,3,68,114,0.147,-0.501,0.311,1.641,0.518,1.297,-36.533,8.041,58,42,0,2,0,-265.397,0,-0.78,0,0,1,3,2,R,"うよすま",190,85.385,0.503,3,48,W,Y,1174.72,255,88,140,116,25,145,119,91.675,-87.735,0.19,0,0.518,219.978,19.958,125.13,0.059,-37.612,0,"눈꽃",-0.049,-17.918,0,"Kr_Luna",-20.322,-47.273,0,"_Gosomi",-15.783,-63.263,0,"HOGGYS 호기스",21.835,-51.891,0,"k@ster",10.226,-65.261,0,"AI",40.9,-90.65,0,"AI",0,-109.84,0,"AI",-40.8,-90.55,0,0,0,0,0,0,"",0,0,0,0,,,,,32,3
44,2,0,3,0,1,2,0,0,0,0,255,255,255,12,1188.315,"소솨소솨",R,27,84,136,-1.867,-0.244,-0.004,1.651,-0.949,1.329,-36.533,4.861,49,51,0,4,0,96.877,-140.381,7.263,0,0,1,3,2,R,"うよすま",190,85.385,0.503,0,48,W,Y,0,0,0,0,0,0,0,0,0,0,0,0,0,0,0,0,-0.059,-37.787,0,"눈꽃",-0.071,-17.812,0,"Kr_Luna",-20.388,-47.282,0,"_Gosomi",-15.832,-63.344,0,"HOGGYS 호기스",20.738,-51.898,0,"k@ster",9.743,-66.226,0,"AI",40.9,-90.65,0,"AI",0,-109.84,0,"AI",-40.8,-90.55,0,0,0,0,0,0,"",0,0,0,0,1189.496,,,,0,0
45,2,0,3,0,0,0,1,0,0,0,255,255,255,13,1205.681,"소솨소솨",R,0,52,108,-1.571,0.959,0.213,1.85,0.06,1.971,-36.533,15.794,67,33,0,2,0,0,0,-0.5,0,0,1,4,1,L,"Pring__",190,93.089,0.485,3,72,W,Y,1206.708,224,145,99,108,67,145,130,-30,-25.964,0.59,0,0.374,-451.635,-303.657,16.835,0.104,-37.743,0,"눈꽃",-0.08,-17.881,0,"Kr_Luna",-17.407,-50.027,0,"_Gosomi",-9.868,-65.522,85,"HOGGYS 호기스",20.672,-51.822,0,"k@ster",13.909,-64.144,0,"AI",40.9,-90.65,0,"AI",0,-109.84,0,"AI",-40.8,-90.55,0,1206.754,1.044,-21.693,1210.013,6,"AI",33.739,-88.28,1,0,,,,,40,2
46,2,0,3,0,0,0,1,1,0,0,11,255,255,14,1229.593,"소솨소솨",R,28,86,139,-1.155,-0.655,0.071,1.589,-0.6,1.126,-36.533,6.155,45,55,0,0,0,80.493,-81.103,1.494,0,0,0,5,0,R,"Floră",190,85,0.404,0,72,W,Y,0,0,0,0,0,0,0,0,0,0,0,0,0,0,0,0,-0.215,-37.908,0,"눈꽃",-0.052,-17.84,0,"Kr_Luna",-20.283,-41.782,0,"_Gosomi",-11.867,-62.665,0,"HOGGYS 호기스",21.537,-52.859,0,"k@ster",9.802,-66.115,0,"AI",40.9,-90.65,0,"AI",0,-109.84,0,"AI",-40.8,-90.55,0,0,0,0,0,0,"",0,0,0,0,1231.013,,,,0,0
47,2,0,3,0,0,1,1,1,0,0,11,255,255,15,1241.376,"소솨소솨",R,27,79,129,-1.707,-1.107,0.034,1.484,-0.771,0.787,-36.533,11.796,40,60,0,4,0,17.284,-132.823,3.068,0,0,1,5,0,R,"Floră",190,85,0.404,0,72,W,Y,0,0,0,0,0,0,0,0,0,0,0,0,0,0,0,0,0.103,-38.168,0,"눈꽃",-0.121,-17.879,0,"Kr_Luna",-19.858,-40.414,0,"_Gosomi",-14.087,-62.062,0,"HOGGYS 호기스",20.68,-50.862,0,"k@ster",7.779,-64.902,0,"AI",40.9,-90.65,0,"AI",0,-109.84,0,"AI",-40.8,-90.55,0,0,0,0,0,0,"",0,0,0,0,1242.721,,,,0,0
48,2,0,3,0,0,2,1,1,0,0,11,255,255,16,1254.976,"소솨소솨",R,0,70,122,1.699,-0.074,0.359,1.72,0.74,1.553,-36.533,13.794,39,61,0,4,0,-7.129,0,-5.15,1.309,-20.825,1,5,0,R,"Floră",190,85,0.404,0,72,W,Y,0,0,0,0,0,0,0,0,0,0,0,0,0,0,0,0,-0.019,-38.159,0,"눈꽃",0.24,-18.848,0,"Kr_Luna",-20.369,-41.413,0,"_Gosomi",-14.567,-62.616,0,"HOGGYS 호기스",20.719,-50.866,0,"k@ster",9.526,-65.892,0,"AI",40.9,-90.65,0,"AI",0,-109.84,0,"AI",-40.8,-90.55,0,0,0,0,0,0,"",0,0,0,0,1259.138,,,,0,0
49,2,0,3,0,0,0,2,1,0,0,11,255,255,17,1275.32,"소솨소솨",R,34,87,140,-0.865,-0.385,0.09,1.649,-0.512,1.286,-36.533,4.626,42,58,0,0,0,98.05,-97.318,1.498,0,0,0,0,3,R,"Ѕeyeon",170.6,85,0.35,0,71,W,Y,0,0,0,0,0,0,0,0,0,0,0,0,0,0,0,0,0.023,-37.723,0,"눈꽃",-0.575,-18.514,0,"Kr_Luna",-20.109,-42.471,0,"_Gosomi",-13.938,-61.696,0,"HOGGYS 호기스",20.754,-50.884,0,"k@ster",7.555,-65.325,0,"AI",40.9,-90.65,0,"AI",0,-109.84,0,"AI",-40.8,-90.55,0,0,0,0,0,0,"",0,0,0,0,1276.546,,,,0,0
50,2,0,3,0,0,1,2,1,0,0,11,255,255,18,1291.428,"소솨소솨",R,5,61,112,-0.215,-0.806,0.227,1.612,0.126,1.15,-36.533,0.917,23,77,0,0,0,-127.065,0,-0.421,0,0,1,0,3,R,"Ѕeyeon",170.6,85,0.35,0,71,W,Y,0,0,0,0,0,0,0,0,0,0,0,0,0,0,0,0,0.106,-38.222,0,"눈꽃",-0.126,-18.012,0,"Kr_Luna",-20.435,-41.73,0,"_Gosomi",-14.426,-62.205,0,"HOGGYS 호기스",20.746,-50.756,0,"k@ster",8.772,-65.906,0,"AI",40.9,-90.65,0,"AI",0,-109.84,0,"AI",-40.8,-90.55,0,0,0,0,0,0,"",0,0,0,0,1292.713,,,,0,0
51,2,0,3,0,0,2,2,1,0,0,11,255,255,19,1304.656,"소솨소솨",R,27,88,140,-3.475,1.087,0.184,1.71,-0.077,1.504,-36.533,6.39,52,48,0,2,0,102.834,-107.448,4.262,0,0,1,0,3,R,"Ѕeyeon",170.6,85,0.35,3,71,W,Y,1305.658,221,67,99,57,17,145,96,24.404,4.887,-0.17,0,0.547,424.354,376.961,37.926,-0.103,-37.55,0,"눈꽃",-0.061,-18.017,0,"Kr_Luna",-18.948,-43.338,0,"_Gosomi",-14.3,-62.098,0,"HOGGYS 호기스",20.727,-50.729,0,"k@ster",10.046,-65.576,0,"AI",40.9,-90.65,0,"AI",0,-109.84,0,"AI",-40.8,-90.55,0,1310.621,-14.178,-103.426,0,0,"",0,0,0,0,,1310.777,,,32,1
52,3,1,3,0,0,0,0,0,0,0,255,255,255,31,1342.062,"Floră",R,33,85,137,-0.699,1.014,0.191,1.673,-0.506,2.125,-36.338,12.34,0,100,0,2,0,144.821,-5.727,5.055,0,0,1,1,5,R,"k@ster",160,95.017,0.646,3,71,W,Y,1343.064,68,76,42,38,19,82,81,0.333,42.457,0.89,0,0.095,137.551,125.225,-255.785,0.009,-36.975,0,"Pring__",-0.017,-17.702,0,"うよすま",-20.307,-46.465,75,"Ѕeyeon",-16.342,-63.119,0,"yumi2012",23.473,-53.308,0,"ByeolBam",12.979,-64.868,0,"AI",40.904,-90.654,0,"AI",0,-109.844,0,"AI",-40.804,-90.554,0,1343.771,-11.244,-30.865,1344.829,2,"うよすま",-19.677,-40.663,0,0,,,,,40,2
53,3,1,3,0,0,0,1,0,0,0,255,255,255,32,1364.818,"Floră",R,3,55,88,1.294,0.224,0.811,1.539,1.365,1.771,-36.338,36.595,0,96,4,0,0,-352.635,0,19.074,0,0,0,2,4,L,"HOGGYS 호기스",174.5,90,0.45,0,71,W,Y,0,0,0,0,0,0,0,0,0,0,0,0,0,0,0,0,-0.114,-37.64,0,"Pring__",0.039,-17.629,0,"うよすま",-20.163,-45.088,0,"Ѕeyeon",-13.539,-66.955,0,"yumi2012",24.465,-51.362,0,"ByeolBam",15.278,-63.348,0,"AI",40.902,-90.652,0,"AI",0,-109.843,0,"AI",-40.802,-90.552,0,0,0,0,0,0,"",0,0,0,0,1366.388,,,,0,0
54,3,1,3,0,0,1,1,0,0,0,255,255,255,33,1380.96,"Floră",R,3,72,99,1.252,-0.808,0.533,1.563,1.45,1.159,-36.338,54.831,0,100,0,2,0,-448.185,0,15.388,0,0,1,2,4,L,"HOGGYS 호기스",174.5,90,0.45,3,71,W,Y,1382.109,108,99,70,96,75,136,100,-30,-55.391,0.93,0,0.493,63.424,162.911,59.292,0.203,-36.987,0,"Pring__",0.007,-17.705,0,"うよすま",-20.4,-46.696,0,"Ѕeyeon",-13.506,-66.688,0,"yumi2012",24.501,-51.126,0,"ByeolBam",15.266,-63.353,0,"AI",40.905,-90.654,0,"AI",0,-109.845,0,"AI",-40.805,-90.554,0,1382.146,1.83,-21.747,0,0,"",0,0,0,0,,,,,32,3
55,3,1,3,0,0,2,1,0,0,0,255,255,255,34,1395.907,"Floră",R,33,85,138,-0.646,0.191,0.206,1.573,-0.437,1.734,-36.338,32.269,0,100,0,0,0,111.32,18.687,1.949,0,0,1,2,4,L,"HOGGYS 호기스",174.5,90,0.45,0,41,W,Y,0,0,0,0,0,0,0,0,0,0,0,0,0,0,0,0,0.091,-37.196,0,"Pring__",0.006,-17.635,0,"うよすま",-20.497,-47.394,0,"Ѕeyeon",-13.885,-66.956,0,"yumi2012",24.79,-50.853,0,"ByeolBam",15.578,-63.494,0,"AI",40.903,-90.652,0,"AI",0,-109.843,0,"AI",-40.803,-90.552,0,0,0,0,0,0,"",0,0,0,0,1397.179,,,,0,0
56,3,1,3,0,0,0,2,0,0,0,255,255,255,35,1416.889,"Floră",R,32,87,140,15.323,-0.856,0.152,1.512,-0.688,1.522,-36.338,25.529,0,100,0,2,0,156.682,0.469,1.617,0,0,1,3,3,R,"_Gosomi",175.2,85.099,0.49,3,70,W,Y,1417.95,255,96,68,117,70,142,117,25.979,8.865,0.22,0,0.378,-294.55,-75.244,-319.392,-0.014,-36.949,0,"Pring__",-0.033,-17.718,0,"うよすま",-21.656,-47.718,0,"Ѕeyeon",-14.707,-63.568,0,"yumi2012",24.335,-51.975,0,"ByeolBam",12.804,-65.171,0,"AI",40.904,-90.654,0,"AI",0,-109.845,0,"AI",-40.804,-90.554,0,1422.371,-12.619,-116.353,0,0,"",0,0,0,0,,,,,32,1
57,3,0,3,0,0,0,0,0,0,0,255,255,255,20,1459.108,"소솨소솨",R,28,79,129,-0.818,-0.811,0.109,1.574,-0.425,1.03,-36.533,5.353,41,59,0,0,0,43.793,-96.162,6.289,0,0,0,1,5,R,"ByeolBam",175,92,0.5,0,87,W,Y,0,0,0,0,0,0,0,0,0,0,0,0,0,0,0,0,-0.007,-37.893,0,"눈꽃",-0.041,-17.751,0,"Kr_Luna",-21.258,-48.5,0,"_Gosomi",-15.067,-60.954,0,"HOGGYS 호기스",20.618,-49.605,0,"k@ster",11.273,-65.75,0,"AI",40.9,-90.65,0,"AI",0,-109.84,0,"AI",-40.8,-90.55,0,0,0,0,0,0,"",0,0,0,0,1460.413,,,,0,0
58,3,0,3,0,0,1,0,0,0,0,255,255,255,21,1472.996,"소솨소솨",R,28,80,130,-0.782,-0.22,0.111,1.682,-0.416,1.408,-36.533,3.998,48,52,0,0,0,48.482,-59.552,1.875,0,0,0,1,5,R,"ByeolBam",175,92,0.5,0,87,W,Y,0,0,0,0,0,0,0,0,0,0,0,0,0,0,0,0,-0.038,-37.923,0,"눈꽃",-0.035,-17.745,0,"Kr_Luna",-21.282,-48.514,0,"_Gosomi",-14.97,-60.997,0,"HOGGYS 호기스",20.599,-49.58,0,"k@ster",11.253,-65.665,0,"AI",40.9,-90.65,0,"AI",0,-109.84,0,"AI",-40.8,-90.55,0,0,0,0,0,0,"",0,0,0,0,1474.229,,,,0,0
59,3,0,3,0,0,2,0,0,0,0,255,255,255,22,1485.246,"소솨소솨",R,28,82,133,0.388,0.225,0.216,1.751,0.073,1.65,-36.533,15.035,58,42,0,2,0,62.622,-76.348,0.898,0,0,1,1,5,R,"ByeolBam",175,92,0.5,3,87,W,Y,1486.196,137,98,124,75,39,143,108,114.346,-62.826,0.12,0,0.225,101.633,428.506,-101.346,0.137,-37.631,0,"눈꽃",-0.046,-17.76,0,"Kr_Luna",-21.251,-48.458,0,"_Gosomi",-15.161,-60.722,0,"HOGGYS 호기스",20.594,-49.574,0,"k@ster",11.242,-65.63,0,"AI",40.9,-90.65,0,"AI",0,-109.84,0,"AI",-40.8,-90.55,0,0,0,0,0,0,"",0,0,0,0,,,,,32,3
60,3,0,3,0,0,2,0,0,0,0,255,255,255,23,1497.289,"소솨소솨",R,28,78,129,-1.008,-0.869,0.095,1.573,-0.486,1.027,-36.533,4.197,49,51,0,0,0,29.233,-65.628,2.048,0,0,1,1,5,R,"ByeolBam",175,92,0.5,0,87,W,Y,0,0,0,0,0,0,0,0,0,0,0,0,0,0,0,0,0.029,-37.775,0,"눈꽃",-0.103,-17.75,0,"Kr_Luna",-21.247,-48.41,0,"_Gosomi",-17.435,-61.709,0,"HOGGYS 호기스",20.63,-49.413,0,"k@ster",10.467,-66.098,0,"AI",40.9,-90.65,0,"AI",0,-109.84,0,"AI",-40.8,-90.55,0,0,0,0,0,0,"",0,0,0,0,1498.53,,,,0,0
61,3,0,3,0,0,0,1,0,0,0,255,255,255,24,1517.8,"소솨소솨",R,28,82,133,0.123,-0.048,0.196,1.712,-0.018,1.514,-36.533,9.378,43,57,0,2,0,45.926,-53.535,0.317,0,0,1,2,4,R,"yumi2012",174.1,85,0.5,3,69,W,Y,1518.955,246,92,120,58,19,145,116,-9.942,-6.088,0.15,0,0.449,-35.279,-19.365,-29.978,-0.074,-37.841,0,"눈꽃",-0.056,-17.757,0,"Kr_Luna",-21.173,-47.783,68,"_Gosomi",-16.847,-61.552,0,"HOGGYS 호기스",20.504,-49.4,0,"k@ster",10.416,-65.975,95,"AI",40.9,-90.65,0,"AI",0,-109.84,0,"AI",-40.8,-90.55,0,1518.988,0.476,-23.995,1520.829,5,"k@ster",4.809,-62.869,0,0,,,,,35,2
62,3,0,3,0,0,0,2,0,0,0,255,255,255,25,1540.524,"소솨소솨",R,34,88,140,1.001,-0.144,0.265,1.688,0.301,1.449,-36.533,17.083,50,50,0,2,0,94.083,-76.94,0.06,0,0,1,3,2,R,"うよすま",190,83.385,0.503,3,69,W,Y,1541.474,234,82,150,42,0,145,100,13.71,33.184,-0.35,0,0.379,14.977,314.746,-178.532,0.059,-37.659,0,"눈꽃",-0.054,-17.796,0,"Kr_Luna",-20.607,-47.8,0,"_Gosomi",-16.484,-61.026,0,"HOGGYS 호기스",19.495,-48.608,0,"k@ster",10.663,-66.008,84,"AI",40.9,-90.65,0,"AI",0,-109.84,0,"AI",-40.8,-90.55,0,1544.188,-36.388,-70.118,1546.071,8,"AI",-48.141,-87.476,1,0,,,,,34,2
63,3,0,3,0,0,0,2,1,0,0,12,255,255,26,1565.96,"소솨소솨",R,33,85,138,0.032,-0.016,0.167,1.702,-0.154,1.494,-36.533,13.049,51,49,0,2,0,118.613,-117.092,3.621,0,0,1,4,1,L,"Pring__",190,93.089,0.485,3,69,W,Y,1566.877,194,160,89,88,77,145,130,3.086,-31.847,0.37,0,0.42,-89.117,-450.552,229.345,-0.016,-37.747,0,"눈꽃",-0.126,-18.319,0,"Kr_Luna",-19.58,-46.142,0,"_Gosomi",-2.516,-62.574,0,"HOGGYS 호기스",19.829,-48.649,0,"k@ster",14.95,-63.606,0,"AI",40.9,-90.65,0,"AI",0,-109.84,0,"AI",-40.8,-90.55,0,1568.054,21.85,-52.094,1568.254,4,"HOGGYS 호기스",17.627,-46.127,0,0,,1570.308,,,44,1
64,4,1,3,0,0,0,0,0,0,0,255,255,255,36,1609.101,"Floră",R,3,76,103,-1.446,0.07,0.387,1.56,0.271,1.676,-36.338,37.994,0,100,0,0,0,-468.182,0,17.068,0,0,1,4,1,L,"눈꽃",190,80,0.497,0,69,W,Y,0,0,0,0,0,0,0,0,0,0,0,0,0,0,0,0,0.047,-37.331,0,"Pring__",0.06,-17.484,0,"うよすま",-20.414,-45.931,0,"Ѕeyeon",-12.839,-64.851,0,"yumi2012",24.463,-51.17,0,"ByeolBam",15.656,-63.735,0,"AI",40.903,-90.652,0,"AI",0,-109.843,0,"AI",-40.803,-90.552,0,0,0,0,0,0,"",0,0,0,0,1610.504,,,,0,0
65,4,1,3,0,0,1,0,0,0,0,255,255,255,37,1621.21,"Floră",R,33,86,140,-1.029,0.468,0.161,1.628,-0.647,1.906,-36.338,17.76,0,100,0,2,0,146.86,-0.301,3.679,0,0,1,4,1,L,"눈꽃",190,80,0.497,3,69,W,Y,1622.143,255,80,93,74,23,145,99,45.462,-18.626,-0.38,0,0.281,429.787,-323.407,-29.378,0.139,-37.121,0,"Pring__",-0.017,-17.549,0,"うよすま",-20.811,-47.892,0,"Ѕeyeon",-13.321,-66.093,0,"yumi2012",24.603,-51.606,0,"ByeolBam",15.711,-63.687,0,"AI",40.904,-90.654,0,"AI",0,-109.844,0,"AI",-40.804,-90.554,0,1628.004,30.658,-88.814,1632.879,0,"Floră",0.851,-38.874,0,0,,,,,32,1
66,4,1,3,0,0,0,1,0,0,0,255,255,255,38,1643.469,"Floră",R,3,77,104,-4.095,0.038,-0.002,1.551,-0.935,1.656,-36.338,15.402,0,100,0,1,0,-438.969,0,21.162,0,0,0,5,0,R,"소솨소솨",190,80,0.498,0,69,W,Y,0,0,0,0,0,0,0,0,0,0,0,0,0,0,0,0,-0.087,-37.229,0,"Pring__",-0.314,-17.534,0,"うよすま",-20.986,-46.457,0,"Ѕeyeon",-15.993,-65.516,0,"yumi2012",24.132,-52.288,0,"ByeolBam",15.5,-63.361,0,"AI",40.902,-90.652,0,"AI",0,-109.843,0,"AI",-40.802,-90.552,0,0,0,0,0,0,"",0,0,0,0,1644.929,,,,0,0
67,4,1,3,0,0,1,1,0,0,0,255,255,255,39,1656.078,"Floră",R,33,83,135,0.435,-0.762,0.297,1.592,-0.015,1.141,-36.338,33.971,0,100,0,2,0,141.764,15.867,4.655,0,0,1,5,0,R,"소솨소솨",190,80,0.498,3,69,W,Y,1657.102,255,143,76,95,50,145,123,-30,-22.395,0.21,0,0.444,-510.276,239.485,205.585,-0.237,-36.869,0,"Pring__",-0.019,-17.532,0,"うよすま",-20.841,-46.632,80,"Ѕeyeon",-16.141,-66.101,0,"yumi2012",24.048,-52.307,0,"ByeolBam",14.349,-63.806,107,"AI",40.904,-90.654,0,"AI",0,-109.845,0,"AI",-40.804,-90.554,0,1657.088,0.591,-21.504,1659.254,5,"ByeolBam",19.56,-58.007,0,0,,,,,42,2
68,4,1,3,0,0,0,2,0,0,0,255,255,255,40,1678.072,"Floră",R,3,77,103,1.843,0.122,0.55,1.589,1.683,1.707,-36.338,58.436,0,100,0,1,0,-459.916,0,4.747,0,0,0,0,2,L,"Kr_Luna",190,95.256,0.499,0,68,W,Y,0,0,0,0,0,0,0,0,0,0,0,0,0,0,0,0,0.013,-37.047,0,"Pring__",0.004,-17.627,0,"うよすま",-20.686,-47.238,0,"Ѕeyeon",-12.231,-65.239,0,"yumi2012",25.332,-51.607,0,"ByeolBam",15.745,-63.184,0,"AI",40.9,-90.65,0,"AI",0,-109.84,0,"AI",-40.8,-90.55,0,0,0,0,0,0,"",0,0,0,0,1679.346,,,,0,0
69,4,1,3,0,1,0,2,0,0,0,255,255,255,41,1691.098,"Floră",R,13,78,104,-1.308,-0.791,0.338,1.564,0.119,1.568,-36.338,44.636,0,100,0,2,0,-362.319,321.156,3.71,0,0,0,0,2,L,"Kr_Luna",190,95.256,0.499,3,68,W,Y,1692.052,146,186,110,129,61,145,107,-30,-40.043,0.94,0,0.125,-145.394,149.62,162.942,-0.262,-36.671,0,"Pring__",-0.003,-17.705,0,"うよすま",-20.07,-47.466,0,"Ѕeyeon",-12.427,-65.344,0,"yumi2012",25.368,-51.553,0,"ByeolBam",15.735,-63.425,0,"AI",40.9,-90.65,0,"AI",0,-109.84,0,"AI",-40.8,-90.55,0,1691.896,0.775,-21.867,1693.763,4,"yumi2012",21.708,-46.8,0,0,,,,,44,2
70,4,0,3,0,0,0,0,0,0,0,255,255,255,27,1729.113,"소솨소솨",R,5,59,112,0.835,0.788,0.306,1.891,0.495,2.105,-36.533,18.963,92,8,0,2,0,-78.536,0,-0.374,0,0,1,5,0,R,"Floră",190,85,0.404,3,69,W,Y,1730.379,148,86,93,85,43,145,117,-15.055,39.91,0.85,0,0.439,-341.266,480.09,-25.804,0.079,-37.701,0,"눈꽃",0.001,-17.697,0,"Kr_Luna",-19.73,-47.469,85,"_Gosomi",-15.205,-63.357,0,"HOGGYS 호기스",20.846,-49.822,0,"k@ster",10.13,-66.035,0,"AI",40.9,-90.65,0,"AI",0,-109.84,0,"AI",-40.8,-90.55,0,1730.604,-3.17,-22.586,1731.629,2,"Kr_Luna",-21.66,-44.136,0,0,,,,,33,2
71,4,0,3,0,0,0,1,0,0,0,255,255,255,28,1751.79,"소솨소솨",R,27,86,139,0.169,0.047,0.187,1.716,-0.06,1.525,-36.533,7.473,54,46,0,2,0,94.115,-100.657,1.002,0,0,1,0,3,R,"Ѕeyeon",170.6,85,0.35,3,69,W,Y,1752.744,185,105,91,72,44,145,98,54.502,24.257,-0.08,0,0.767,471.582,119.888,226.368,0.15,-37.637,0,"눈꽃",-0.012,-17.702,0,"Kr_Luna",-19.615,-49.258,0,"_Gosomi",-15.825,-62.11,99,"HOGGYS 호기스",22.237,-50.077,0,"k@ster",9.635,-66.423,0,"AI",40.9,-90.65,0,"AI",0,-109.84,0,"AI",-40.8,-90.55,0,1758.83,-31.735,-77.216,1759.071,3,"_Gosomi",-31.067,-75.948,0,0,,,,,40,1
72,4,0,3,0,0,0,2,0,0,0,255,255,255,29,1778.785,"소솨소솨",R,33,83,135,1.173,0.733,0.275,1.823,0.349,1.905,-36.533,24.754,87,13,0,2,0,124.927,-108.967,-0.219,0,0,1,1,5,R,"ByeolBam",175,90,0.5,3,69,W,Y,1779.829,218,72,148,73,37,145,87,12.805,15.533,-0.73,0,0.347,227.62,492.478,7.997,0.121,-37.615,0,"눈꽃",0.005,-17.683,0,"Kr_Luna",-20.509,-46.073,0,"_Gosomi",-17.082,-61.436,0,"HOGGYS 호기스",22.254,-50.102,0,"k@ster",9.535,-66.149,62,"AI",40.9,-90.65,0,"AI",0,-109.84,0,"AI",-40.8,-90.55,0,1782.571,-18.119,-71.232,1784.879,8,"AI",-27.981,-92.525,1,0,,,,,34,2
73,4,0,3,0,0,0,2,1,0,0,15,255,255,30,1805.27,"소솨소솨",R,28,78,129,-1.439,-2.745,0.048,1.526,-0.705,0.858,-36.533,9.555,41,59,0,2,0,62.419,-72.638,0.029,0,0,1,2,4,R,"yumi2012",174.1,85,0.5,3,69,W,Y,1806.404,255,115,112,68,27,145,113,-19.879,-4.988,0.88,0,0.426,-24.583,21.444,-78.552,-0.29,-37.653,0,"눈꽃",-0.097,-17.815,0,"Kr_Luna",-19.206,-42.36,0,"_Gosomi",-14.533,-62.707,0,"HOGGYS 호기스",20.352,-51.633,0,"k@ster",9.876,-66.082,86,"AI",40.9,-90.65,0,"AI",0,-109.84,0,"AI",-40.8,-90.55,0,1806.354,-0.274,-20.839,1808.413,5,"k@ster",4.802,-60.654,1,0,,1810.97,,,35,2
74,5,1,3,0,0,0,0,0,0,0,255,255,255,42,1840.909,"Floră",R,33,82,134,2.636,-0.225,0.506,1.514,0.958,1.514,-36.338,46.138,0,100,0,2,0,125.928,32.256,0.674,0,0,1,1,5,R,"k@ster",160,95.017,0.646,3,69,W,Y,1841.816,133,132,76,61,22,138,75,40.496,-45.722,-0.86,0,0.149,151.609,-561.594,129.105,0.139,-37.119,0,"Pring__",-0.005,-17.734,0,"うよすま",-20.094,-46.159,0,"Ѕeyeon",-17.001,-63.714,0,"yumi2012",24.702,-51.197,0,"ByeolBam",13.456,-64.612,0,"AI",40.904,-90.654,0,"AI",0,-109.844,0,"AI",-40.804,-90.554,0,1846.646,50.232,-56.93,0,0,"",0,0,0,0,,,,,32,3
75,5,1,3,0,0,1,0,0,0,0,255,255,255,43,1861.368,"Floră",R,3,77,114,1.732,-0.634,0.642,1.45,1.589,1.271,-36.338,28.519,0,100,0,2,0,-500,0,24.405,0,0,1,1,5,R,"k@ster",160,95.017,0.646,3,68,W,Y,1862.352,148,111,59,73,42,137,77,99.5,-80.567,-0.76,0,0.306,204.38,-226.268,173.128,0.165,-37.142,0,"Pring__",-0.014,-17.714,0,"うよすま",-21.176,-46.672,0,"Ѕeyeon",-17.262,-64.902,0,"yumi2012",25.203,-50.028,0,"ByeolBam",15.592,-63.528,0,"AI",40.904,-90.654,0,"AI",0,-109.844,0,"AI",-40.804,-90.554,0,1866.996,-52.139,-13.451,0,0,"",0,0,0,0,,,,,32,3
76,5,1,3,0,0,2,0,0,0,0,255,255,255,44,1879.835,"Floră",R,33,90,140,-0.275,0.076,0.236,1.55,-0.299,1.655,-36.338,21.267,0,100,0,2,0,130.446,15.757,1.439,0,0,1,1,5,R,"k@ster",160,95.017,0.646,3,68,W,Y,1880.73,143,88,72,55,21,138,76,44.201,-6.416,-0.81,0,0.223,372.717,279.486,40.462,0.062,-37.114,0,"Pring__",-0.023,-17.713,0,"うよすま",-21.365,-47.383,0,"Ѕeyeon",-17.287,-64.841,0,"yumi2012",23.812,-50.693,0,"ByeolBam",14.464,-64.043,91,"AI",40.904,-90.654,0,"AI",0,-109.844,0,"AI",-40.804,-90.554,0,0,0,0,1885.871,5,"ByeolBam",2.694,-70.89,0,0,,,,,34,1
77,5,1,3,0,0,0,1,0,0,0,255,255,255,45,1904.693,"Floră",R,33,83,134,0.413,-0.054,0.3,1.535,-0.001,1.602,-36.338,33.506,0,100,0,2,0,123.896,27.983,2.152,0,0,1,2,4,L,"HOGGYS 호기스",174.5,90,0.45,3,68,W,Y,1905.632,154,38,1,0,3,9,44,9.083,-5.912,0.72,0,0.483,-441.65,182.877,-103.344,0.306,-36.826,116,"Pring__",-0.018,-17.711,0,"うよすま",-20.289,-46.85,90,"Ѕeyeon",-13.657,-67.373,0,"yumi2012",24.857,-51.38,75,"ByeolBam",15.373,-62.95,0,"AI",40.904,-90.654,0,"AI",0,-109.845,0,"AI",-40.804,-90.554,0,1906.679,1.127,-30.531,1907.263,0,"Floră",1.43,-32.594,1,0,,1915.641,,,44,2
78,5,1,3,0,0,0,1,0,1,0,255,4,255,46,1940.583,"Floră",R,13,72,99,-1.489,-1.595,0.331,1.366,0.096,1.223,-36.338,26.275,0,100,0,1,0,-351.391,312.348,28.381,-0.53,-18.573,0,3,3,R,"_Gosomi",175.2,85.099,0.49,0,68,W,Y,0,0,0,0,0,0,0,0,0,0,0,0,0,0,0,0,0.123,-37.372,0,"Pring__",-0.358,-18.51,0,"うよすま",-19.895,-44.144,0,"Ѕeyeon",-15.471,-61.737,0,"yumi2012",21.805,-46.286,0,"ByeolBam",9.503,-63.396,0,"AI",40.9,-90.65,0,"AI",0,-109.84,0,"AI",-40.8,-90.55,0,0,0,0,0,0,"",0,0,0,0,1943.063,,1945.237,,0,0
79,5,1,3,0,1,0,1,0,0,1,255,255,4,47,1958.636,"Floră",R,3,65,96,1.757,0.067,0.729,1.554,1.538,1.673,-36.338,28.715,0,100,0,2,0,-371.553,0,19.66,0,0,1,3,3,R,"_Gosomi",175.2,85.099,0.49,3,68,W,Y,1959.86,240,50,163,54,52,145,126,27.579,11.999,0.29,0,0.493,263.953,461.45,271.496,0.028,-37.313,0,"Pring__",-0.046,-17.841,0,"うよすま",-19.206,-45.546,0,"Ѕeyeon",-15.733,-64.207,0,"yumi2012",21.268,-48.283,0,"ByeolBam",10.404,-61.307,92,"AI",40.905,-90.654,0,"AI",0,-109.845,0,"AI",-40.805,-90.554,0,1965.213,-36.06,-125.54,1966.607,8,"AI",-34.738,-120.224,1,0,,1969.936,,1965.87,34,2
80,5,1,4,0,0,0,1,0,1,0,255,3,255,48,1986.95,"Floră",R,13,76,114,0.194,-0.649,0.457,1.531,0.729,1.593,-36.338,51.393,0,100,0,2,0,-385.487,318.433,-4.478,0,0,1,4,1,L,"눈꽃",190,80,0.497,3,68,W,Y,1988.035,255,128,72,98,50,145,130,13.872,38.558,0.63,0,0.465,-83.572,58.744,283.682,-0.064,-36.899,0,"Pring__",0.003,-17.709,0,"うよすま",-18.896,-46.988,0,"Ѕeyeon",-11.124,-62.177,0,"yumi2012",22.892,-50.145,0,"ByeolBam",15.039,-62.851,0,"AI",40.904,-90.654,0,"AI",0,-109.845,0,"AI",-40.804,-90.554,0,1990.504,-48.168,-79.821,1993.291,8,"AI",-61.889,-96.42,1,0,2000.304,1998.076,1993.106,1997.81,49,2
81,5,1,5,0,0,0,1,0,1,0,255,1,255,49,2017.342,"Floră",R,33,75,113,1.765,-0.035,0.483,1.534,0.568,1.62,-36.338,33.257,0,100,0,2,0,107.472,18.024,1.06,0,0,1,5,0,R,"소솨소솨",190,80,0.498,3,68,W,Y,2018.517,231,82,87,82,42,145,99,35.214,-5.476,-0.39,0,0.56,578.784,150.738,47.821,-0.081,-37.069,0,"Pring__",-0.061,-17.582,0,"うよすま",-20.65,-47.014,0,"Ѕeyeon",-13.052,-62.009,0,"yumi2012",23.868,-51.463,0,"ByeolBam",12.093,-63.99,93,"AI",40.905,-90.654,0,"AI",0,-109.845,0,"AI",-40.805,-90.554,0,2024.054,5.551,-102.983,2027.979,5,"ByeolBam",0.613,-64.074,0,0,,2020.393,,,34,1
82,5,1,5,0,0,0,2,0,1,0,255,1,255,50,2045.161,"Floră",R,33,80,117,0.908,-1.078,0.356,1.433,0.174,0.97,-36.338,43.178,0,100,0,1,0,127.516,29.436,1.093,0,0,0,0,2,L,"Kr_Luna",190,95.256,0.499,0,68,W,Y,0,0,0,0,0,0,0,0,0,0,0,0,0,0,0,0,0.004,-37.16,0,"Pring__",-0.004,-17.477,0,"うよすま",-20.835,-46.329,0,"Ѕeyeon",-9.721,-63.368,0,"yumi2012",22.876,-47.507,0,"ByeolBam",14.95,-63.081,0,"AI",40.9,-90.65,0,"AI",0,-109.84,0,"AI",-40.8,-90.55,0,0,0,0,0,0,"",0,0,0,0,2046.296,2047.477,,,0,0
83,5,1,5,0,1,0,2,0,1,0,255,1,255,51,2057.76,"Floră",R,32,86,139,0.799,-0.674,0.315,1.534,0.072,1.133,-36.338,25.787,0,100,0,0,0,200.774,-62.565,7.586,0,0,0,0,2,L,"Kr_Luna",190,95.256,0.499,0,68,W,Y,0,0,0,0,0,0,0,0,0,0,0,0,0,0,0,0,0.011,-37.006,0,"Pring__",-0.023,-17.479,0,"うよすま",-19.048,-43.755,0,"Ѕeyeon",-8.767,-62.416,0,"yumi2012",22.726,-47.979,0,"ByeolBam",14.935,-63.101,0,"AI",40.9,-90.65,0,"AI",0,-109.84,0,"AI",-40.8,-90.55,0,0,0,0,0,0,"",0,0,0,0,2058.821,2060.218,,,0,0
84,5,1,5,0,1,1,2,0,1,0,255,1,255,52,2070.613,"Floră",R,32,86,139,-0.823,0.051,0.152,1.521,-0.688,1.561,-36.338,17.107,0,100,0,2,0,250,-102.26,25.009,0,0,0,0,2,L,"Kr_Luna",190,95.256,0.499,3,68,W,Y,2071.442,139,82,61,59,28,137,115,-30,-19.923,0.08,0,0.073,-265.725,-390.304,342.693,-0.003,-36.889,0,"Pring__",-0.033,-17.564,0,"うよすま",-20.13,-46.578,0,"Ѕeyeon",-8.612,-62.727,0,"yumi2012",22.699,-49.078,0,"ByeolBam",14.983,-63.132,107,"AI",40.9,-90.65,0,"AI",0,-109.84,0,"AI",-40.8,-90.55,0,2071.296,0.441,-21.154,2073.28,5,"ByeolBam",13.501,-56.507,0,0,,,2075.494,,43,2
85,5,0,5,0,0,0,0,0,0,0,255,255,255,31,2112.135,"소솨소솨",R,0,86,139,-1.634,-0.523,0.037,1.628,-0.759,1.252,-36.533,2.06,51,49,0,4,0,33.328,-29.629,1.582,0,0,1,3,2,R,"うよすま",190,83.385,0.503,0,68,W,Y,0,0,0,0,0,0,0,0,0,0,0,0,0,0,0,0,-0.046,-37.924,0,"눈꽃",-0.13,-17.666,0,"Kr_Luna",-6.714,-32.322,0,"_Gosomi",-12.998,-62.921,0,"HOGGYS 호기스",22.628,-51.3,0,"k@ster",10.515,-65.885,0,"AI",40.9,-90.65,0,"AI",0,-109.84,0,"AI",-40.8,-90.55,0,0,0,0,0,0,"",0,0,0,0,2113.28,,,,0,0
86,5,0,5,0,0,1,0,0,0,0,255,255,255,32,2125.499,"소솨소솨",R,34,90,140,-0.81,-0.674,0.108,1.593,-0.43,1.139,-36.533,1.807,42,58,0,2,0,54.608,-52.04,1.434,0,0,1,3,2,R,"うよすま",190,83.385,0.503,3,68,W,Y,2126.453,242,70,106,41,0,145,109,-15.543,41.271,0.93,0,0.336,-206.788,483.944,-189.606,0.083,-37.764,0,"눈꽃",-0.159,-17.723,0,"Kr_Luna",-9.72,-32.181,71,"_Gosomi",-12.839,-62.523,0,"HOGGYS 호기스",21.249,-52.28,0,"k@ster",10.509,-65.827,0,"AI",40.9,-90.65,0,"AI",0,-109.84,0,"AI",-40.8,-90.55,0,2126.455,-1.906,-20.99,2130.471,8,"AI",-45.051,-77.827,1,0,,,,,33,2
87,5,0,5,0,0,0,0,1,0,0,12,255,255,33,2156.733,"소솨소솨",R,33,88,140,-0.1,0.119,0.216,1.736,0.073,1.604,-36.533,12.712,48,52,0,2,0,133.9,-88.66,3.042,0,0,1,4,1,L,"Pring__",190,93.089,0.485,3,68,W,Y,2157.612,255,132,102,104,63,145,130,0.581,-11.88,0.35,0,0.426,-95.43,-448.739,132.608,0.05,-37.549,0,"눈꽃",-0.091,-17.904,0,"Kr_Luna",-18.889,-47.556,0,"_Gosomi",-10.296,-64.645,0,"HOGGYS 호기스",19.512,-52.883,0,"k@ster",14.751,-63.935,0,"AI",40.9,-90.65,0,"AI",0,-109.84,0,"AI",-40.8,-90.55,0,2158.271,6.016,-44.315,2164.546,7,"AI",23.96,-130.852,1,0,,2162.595,2167.639,,32,2
88,5,0,5,0,0,0,0,0,1,1,255,11,12,34,2193.206,"소솨소솨",R,0,65,117,0.633,1.353,0.272,1.998,0.335,2.452,-36.533,27.325,75,25,0,2,0,-40.027,0,3.026,0,0,1,5,0,R,"Floră",190,85,0.404,3,68,W,Y,2194.406,149,87,88,61,31,144,123,13.754,38.617,0.74,0,0.58,-133.92,546.733,-181.299,0.033,-37.813,120,"눈꽃",-0.031,-17.725,0,"Kr_Luna",-21.691,-47.271,0,"_Gosomi",-14.027,-62.473,0,"HOGGYS 호기스",19.12,-40.156,0,"k@ster",9.163,-66.431,84,"AI",40.9,-90.65,0,"AI",0,-109.84,0,"AI",-40.8,-90.55,0,2197.396,-57.114,-78.377,2200.729,8,"AI",-68.471,-89.277,1,0,,2204.79,2200.271,2199.692,38,2
89,5,0,5,2,0,0,0,0,0,1,255,255,10,35,2244.359,"소솨소솨",R,34,80,130,-1.067,-0.752,0.083,1.603,-0.542,1.118,-36.533,4.018,43,57,0,2,0,50.331,-50.003,-1.337,0,0,1,0,3,R,"Ѕeyeon",170.6,85,0.35,3,68,W,Y,2245.426,185,89,105,76,46,145,104,-30,55.314,0.93,0,0.624,99.971,-261.363,-1.817,-0.002,-37.643,0,"눈꽃",-0.091,-18.035,0,"Kr_Luna",-20.101,-47.243,0,"_Gosomi",-15.287,-61.811,0,"HOGGYS 호기스",17.866,-43.734,0,"k@ster",9.711,-66.605,0,"AI",40.9,-90.65,0,"AI",0,-109.84,0,"AI",-40.8,-90.55,0,2245.38,-1.784,-21.758,0,0,"",0,0,0,0,,,2250.386,,32,0
90,5,0,5,2,0,1,0,0,0,1,255,255,10,36,2261.166,"소솨소솨",R,34,84,136,-2.119,-0.955,0.02,1.556,-0.835,0.949,-36.533,7.197,52,48,0,2,0,79.542,-65.689,-0.934,0,0,1,0,3,R,"Ѕeyeon",170.6,85,0.35,3,68,W,Y,2262.207,210,89,93,64,39,145,123,14.37,-4.434,0.7,0,0.498,231.032,511.171,183.953,-0.265,-37.485,0,"눈꽃",-0.094,-18.031,120,"Kr_Luna",-20.525,-46.283,0,"_Gosomi",-15.989,-60.393,94,"HOGGYS 호기스",19.803,-42.715,0,"k@ster",10.179,-66.354,0,"AI",40.9,-90.65,0,"AI",0,-109.84,0,"AI",-40.8,-90.55,0,2266.313,-3.595,-124.182,2270.921,3,"_Gosomi",-7.541,-67.389,0,0,2274.121,,2261.346,2272.135,56,1
91,5,0,5,3,0,0,1,0,0,0,255,255,255,37,2289.824,"소솨소솨",R,34,82,134,1.598,-0.215,0.175,1.748,-0.114,1.642,-36.533,10.779,47,53,0,2,0,58.111,-53.692,0.041,0,0,1,1,5,R,"ByeolBam",175,90,0.5,3,87,W,Y,2290.923,187,72,114,83,41,145,127,25.234,33.118,0.49,0,0.196,140.355,463.833,-164.497,0.118,-37.716,0,"눈꽃",-0.05,-17.892,0,"Kr_Luna",-20.585,-46.538,0,"_Gosomi",-15.742,-62.222,0,"HOGGYS 호기스",21.183,-47.112,0,"k@ster",9.569,-66.455,0,"AI",40.9,-90.65,0,"AI",0,-109.84,0,"AI",-40.8,-90.55,0,2295.83,-71.884,-108.434,0,0,"",0,0,0,0,,2300.782,2305.909,,32,4
92,5,0,5,4,0,0,1,0,0,0,255,255,255,38,2323.893,"소솨소솨",R,28,81,132,-1.591,-1.322,0.039,1.498,-0.751,0.756,-36.533,7.916,51,49,0,1,0,38.819,-80.176,4.094,0,0,0,2,4,R,"yumi2012",174.1,85,0.5,0,68,W,Y,0,0,0,0,0,0,0,0,0,0,0,0,0,0,0,0,-0.151,-37.931,0,"눈꽃",-0.055,-17.877,0,"Kr_Luna",-20.225,-47.749,0,"_Gosomi",-16.195,-62.392,0,"HOGGYS 호기스",20.193,-48.001,0,"k@ster",9.995,-65.973,0,"AI",40.9,-90.65,0,"AI",0,-109.84,0,"AI",-40.8,-90.55,0,0,0,0,0,0,"",0,0,0,0,2325.321,,,,0,0
93,5,0,5,4,1,0,1,0,0,0,255,255,255,39,2335.376,"소솨소솨",R,27,90,140,-0.427,0.084,0.127,1.717,-0.339,1.533,-36.533,7.412,53,47,0,2,0,111.094,-119.781,1.235,0,0,1,2,4,R,"yumi2012",174.1,85,0.5,3,68,W,Y,2336.53,203,93,58,48,11,137,119,-19.68,-10.475,0.23,0,0.478,-347.72,34.233,-419.864,-0.03,-37.563,0,"눈꽃",-0.097,-17.864,0,"Kr_Luna",-20.405,-47.394,0,"_Gosomi",-15.315,-62.067,107,"HOGGYS 호기스",20.134,-48.687,0,"k@ster",10.293,-65.86,61,"AI",40.9,-90.65,0,"AI",0,-109.84,0,"AI",-40.8,-90.55,0,2336.479,0.271,-21.408,2338.33,5,"k@ster",7.418,-60.315,1,4,,2347.277,,,42,2
94,5,0,5,4,0,0,2,0,0,0,255,255,255,40,2366.335,"소솨소솨",R,28,79,129,-0.344,-0.179,0.151,1.685,-0.23,1.438,-36.533,4.161,52,48,0,2,0,50.559,-56.071,-0.21,0,0,1,3,2,R,"うよすま",190,83.385,0.503,3,68,W,Y,2367.367,255,77,125,124,24,145,130,30.083,15.299,0.58,0,0.477,113.22,-342.559,41.482,0.453,-37.52,0,"눈꽃",0.008,-17.703,0,"Kr_Luna",-19.177,-46.688,0,"_Gosomi",-14.282,-61.108,0,"HOGGYS 호기스",20.233,-49.447,0,"k@ster",9.881,-66.211,75,"AI",40.9,-90.65,0,"AI",0,-109.84,0,"AI",-40.8,-90.55,0,2372.729,-21.675,-134.027,2374.121,7,"AI",-17.67,-130.845,1,0,,2378.323,,,34,2
95,5,0,5,4,0,0,2,0,1,0,255,12,255,41,2393.954,"소솨소솨",R,3,73,114,0.034,0.076,0.361,1.753,0.749,1.658,-36.533,26.419,60,40,0,2,0,-426.012,0.015,-4.462,0,0,1,4,1,L,"Pring__",190,93.089,0.485,3,68,W,Y,2394.965,195,156,57,96,80,137,103,21.015,0.212,0.04,0,0.457,163.062,-333.488,-105.715,0.141,-37.47,0,"눈꽃",-0.099,-17.85,0,"Kr_Luna",-18.911,-46.428,0,"_Gosomi",-7.513,-62.24,0,"HOGGYS 호기스",20.637,-41.87,0,"k@ster",14.549,-63.78,0,"AI",40.9,-90.65,0,"AI",0,-109.84,0,"AI",-40.8,-90.55,0,2399.646,6.639,-111.021,0,0,"",0,0,0,0,,,2399.971,,32,1
96,6,1,5,4,0,0,0,0,0,0,255,255,255,53,2456.258,"Floră",R,33,82,133,0.547,-0.533,0.309,1.656,0.043,1.294,-36.338,20.884,0,100,0,2,0,132.383,-9.688,2.171,0,0,1,1,5,R,"k@ster",160,95.017,0.646,3,68,W,Y,2457.216,139,65,66,37,17,136,91,-30,-27.471,0.05,0,0.147,-540.617,-38.611,257.376,0.098,-36.911,0,"Pring__",0.017,-17.505,0,"うよすま",-20.456,-46.449,85,"Ѕeyeon",-17.425,-64.178,0,"yumi2012",24.084,-52.523,106,"ByeolBam",12.752,-64.429,0,"AI",40.904,-90.654,0,"AI",0,-109.844,0,"AI",-40.804,-90.554,0,2457.146,0.674,-20.496,2459.463,4,"yumi2012",19.452,-46.114,0,0,,,,,44,2
97,6,1,5,4,0,0,1,0,0,0,255,255,255,54,2479.377,"Floră",R,32,87,140,0.082,-0.07,0.261,1.527,-0.179,1.572,-36.338,27.882,0,100,0,2,0,157.806,7.365,1.748,0,0,1,2,4,L,"HOGGYS 호기스",174.5,90,0.45,3,68,W,Y,2480.306,131,48,91,51,19,138,98,102.536,57.228,0.04,0,0.286,225.607,-123.351,19.946,0.126,-36.951,0,"Pring__",0.006,-17.547,0,"うよすま",-19.301,-45.65,0,"Ѕeyeon",-13.622,-67.372,0,"yumi2012",24.607,-50.292,0,"ByeolBam",14.912,-63.679,0,"AI",40.904,-90.654,0,"AI",0,-109.844,0,"AI",-40.804,-90.554,0,0,0,0,0,0,"",0,0,0,0,,,,,32,3
98,6,1,5,4,0,1,1,0,0,0,255,255,255,55,2493.232,"Floră",R,13,77,115,-0.436,-1.588,0.4,1.588,0.464,1.083,-36.338,52.157,0,100,0,4,0,-394.895,306.688,-2.369,0,0,1,2,4,L,"HOGGYS 호기스",174.5,90,0.45,0,68,W,Y,0,0,0,0,0,0,0,0,0,0,0,0,0,0,0,0,-0.04,-37.075,0,"Pring__",0.038,-17.441,0,"うよすま",-20.37,-45.938,0,"Ѕeyeon",-14.172,-68.547,0,"yumi2012",24.338,-50.314,0,"ByeolBam",15.87,-63.296,0,"AI",40.903,-90.652,0,"AI",0,-109.843,0,"AI",-40.803,-90.552,0,0,0,0,0,0,"",0,0,0,0,2494.538,,,,0,0
99,6,1,5,4,0,2,1,0,0,0,255,255,255,56,2506.286,"Floră",R,8,53,93,3.249,-0.675,0.61,1.457,1.18,1.246,-36.338,57.661,0,100,0,4,0,97.777,0,3.461,0,0,1,2,4,L,"HOGGYS 호기스",174.5,90,0.45,0,40,W,Y,0,0,0,0,0,0,0,0,0,0,0,0,0,0,0,0,0.075,-37.263,0,"Pring__",-0.004,-17.524,0,"うよすま",-21.12,-47.13,0,"Ѕeyeon",-14.041,-68.17,0,"yumi2012",24.493,-50.366,0,"ByeolBam",15.858,-63.285,0,"AI",40.903,-90.652,0,"AI",0,-109.843,0,"AI",-40.803,-90.552,0,0,0,0,0,0,"",0,0,0,0,2507.838,,,,0,0
100,6,1,5,4,0,0,2,0,0,0,255,255,255,57,2529.23,"Floră",R,13,74,101,-0.484,-1.04,0.442,1.558,0.439,1.553,-36.338,48.432,0,100,0,0,0,-331.191,346.256,-2.996,0,0,0,3,3,R,"_Gosomi",175.2,85.099,0.49,0,68,W,Y,0,0,0,0,0,0,0,0,0,0,0,0,0,0,0,0,-0.075,-37.304,0,"Pring__",0.015,-17.683,0,"うよすま",-20.882,-48.845,0,"Ѕeyeon",-15.41,-63.463,0,"yumi2012",23.782,-51.728,0,"ByeolBam",15.828,-64.302,0,"AI",40.902,-90.652,0,"AI",0,-109.843,0,"AI",-40.802,-90.552,0,0,0,0,0,0,"",0,0,0,0,2530.755,,,,0,0
101,6,1,5,4,0,1,2,0,0,0,255,255,255,58,2543.888,"Floră",R,3,75,103,0.561,-0.515,0.6,1.463,1.109,1.33,-36.338,27.973,0,100,0,2,0,-436.835,0,30.119,0,0,1,3,3,R,"_Gosomi",175.2,85.099,0.49,3,68,W,Y,2545.056,255,102,59,86,84,138,122,97.548,-81.441,0.69,0,0.563,-219.16,-350.831,-190.923,0.091,-37.001,0,"Pring__",0.018,-17.787,0,"うよすま",-21.251,-48.606,0,"Ѕeyeon",-16.036,-64.828,0,"yumi2012",24.106,-52.083,0,"ByeolBam",15.562,-65.433,0,"AI",40.904,-90.654,0,"AI",0,-109.845,0,"AI",-40.804,-90.554,0,0,0,0,0,0,"",0,0,0,0,,,,,32,3
102,6,1,5,4,0,2,2,0,0,0,255,255,255,59,2561.163,"Floră",R,33,84,137,0.83,1.02,0.341,1.716,0.191,2.236,-36.338,37.22,0,100,0,2,0,119.079,42.385,4.19,0,0,1,3,3,R,"_Gosomi",175.2,85.099,0.49,3,68,W,Y,2562.23,48,40,61,75,29,58,58,27.414,44.68,0.76,0,0.445,-37.445,585.807,-124.212,-0.102,-36.832,0,"Pring__",0.041,-17.88,0,"うよすま",-22.507,-49.269,0,"Ѕeyeon",-17.265,-64.889,0,"yumi2012",24.07,-51.565,0,"ByeolBam",11.18,-65.232,0,"AI",40.904,-90.654,0,"AI",0,-109.845,0,"AI",-40.804,-90.554,0,0,0,0,2564.955,2,"うよすま",-23.276,-39.117,0,0,,,,,41,1
103,6,0,5,4,0,0,0,0,0,0,255,255,255,42,2599.288,"소솨소솨",R,27,86,139,0.419,-0.538,0.223,1.604,0.109,1.176,-36.533,3.219,49,51,0,0,0,49.051,-107.562,4.559,0,0,1,5,0,R,"Floră",190,85,0.404,0,67,W,Y,0,0,0,0,0,0,0,0,0,0,0,0,0,0,0,0,-0.162,-38.061,0,"눈꽃",-0.064,-17.662,0,"Kr_Luna",-20.611,-48.415,0,"_Gosomi",-16.061,-60.271,0,"HOGGYS 호기스",20.974,-48.943,0,"k@ster",9.703,-66.383,0,"AI",40.9,-90.65,0,"AI",0,-109.84,0,"AI",-40.8,-90.55,0,0,0,0,0,0,"",0,0,0,0,2601.013,,,,0,0
104,6,0,5,4,0,1,0,0,0,0,255,255,255,43,2613.872,"소솨소솨",R,27,85,137,-0.397,-0.577,0.134,1.592,-0.306,1.138,-36.533,6.351,53,47,0,0,0,93.175,-120.369,6.913,0,0,0,5,0,R,"Floră",190,85,0.404,0,67,W,Y,0,0,0,0,0,0,0,0,0,0,0,0,0,0,0,0,-0.068,-37.763,0,"눈꽃",-0.04,-17.648,0,"Kr_Luna",-20.624,-48.901,0,"_Gosomi",-16.147,-60.251,0,"HOGGYS 호기스",20.98,-48.928,0,"k@ster",9.36,-66.279,0,"AI",40.9,-90.65,0,"AI",0,-109.84,0,"AI",-40.8,-90.55,0,0,0,0,0,0,"",0,0,0,0,2615.271,,,,0,0
105,6,0,5,4,0,2,0,0,0,0,255,255,255,44,2627.403,"소솨소솨",R,34,78,129,-1.269,0.991,0.051,1.913,-0.694,2.177,-36.533,18.066,78,22,0,2,0,93.322,-48.76,5.667,0,0,1,5,0,R,"Floră",190,85,0.404,3,67,W,Y,2628.658,203,131,129,105,62,145,130,108.504,17.76,0.35,0,0.593,522.155,41.581,11.25,-0.079,-37.636,0,"눈꽃",-0.462,-17.661,0,"Kr_Luna",-20.746,-48.971,0,"_Gosomi",-15.847,-60.222,0,"HOGGYS 호기스",20.958,-48.901,0,"k@ster",10.21,-66.086,0,"AI",40.9,-90.65,0,"AI",0,-109.84,0,"AI",-40.8,-90.55,0,0,0,0,0,0,"",0,0,0,0,,,,,32,3
106,6,0,5,4,0,2,0,0,0,0,255,255,255,45,2642.964,"소솨소솨",R,3,71,112,-1.592,0.116,0.207,1.761,0.034,1.686,-36.533,16.217,51,49,0,2,0,-410.592,0,-4.124,0,0,1,5,0,R,"Floră",190,85,0.404,3,67,W,Y,2644.326,255,51,128,109,66,145,105,46.659,34.654,-0.1,0,0.351,229.614,205.655,16.904,0.049,-37.34,0,"눈꽃",-0.058,-17.782,0,"Kr_Luna",-20.599,-49.035,0,"_Gosomi",-15.179,-61.475,0,"HOGGYS 호기스",21.173,-49.122,0,"k@ster",9.588,-66.476,0,"AI",40.9,-90.65,0,"AI",0,-109.85,0,"AI",-40.8,-90.55,0,2649.979,-52.34,-85.632,0,0,"",0,0,0,0,,,,,32,1
107,6,0,5,4,0,0,1,0,0,0,255,255,255,46,2664.886,"소솨소솨",R,27,85,138,-15.905,1.087,0.207,1.808,0.033,1.856,-36.533,11.292,46,54,0,2,0,96.373,-130.754,4.215,0,0,1,0,3,R,"Ѕeyeon",170.6,85,0.35,3,67,W,Y,2665.832,172,57,63,54,23,137,86,12.727,18.164,-0.45,0,0.501,85.517,385.238,-15.791,-0.069,-37.349,0,"눈꽃",-0.008,-17.763,0,"Kr_Luna",-20.209,-49.473,0,"_Gosomi",-15.753,-61.883,93,"HOGGYS 호기스",20.292,-49.35,0,"k@ster",9.644,-66.553,0,"AI",40.9,-90.65,0,"AI",0,-109.84,0,"AI",-40.8,-90.55,0,0,0,0,2668.229,3,"_Gosomi",-14.809,-59.18,0,0,,,,,40,1
108,6,0,5,4,0,0,2,0,0,0,255,255,255,47,2682.441,"소솨소솨",R,28,84,137,0.286,0.038,0.205,1.723,0.025,1.552,-36.533,6.907,54,46,0,2,0,67.349,-69.711,2.922,0,0,1,1,5,R,"ByeolBam",175,90,0.5,3,67,W,Y,2683.438,162,131,136,84,37,145,111,30.329,36.598,0.15,0,0.221,119.659,578.309,-106.021,-0.064,-37.675,0,"눈꽃",-0.068,-17.778,0,"Kr_Luna",-20.055,-48.304,0,"_Gosomi",-15.55,-61.935,92,"HOGGYS 호기스",20.349,-50.235,0,"k@ster",9.781,-66.459,0,"AI",40.9,-90.65,0,"AI",0,-109.84,0,"AI",-40.8,-90.55,0,2688.321,-67.055,-89.268,2690.179,8,"AI",-69.354,-92.724,1,0,,2693.206,,,40,2
109,6,0,5,4,0,0,2,0,1,0,255,15,255,48,2710.204,"소솨소솨",R,34,83,135,-0.2,-0.139,0.164,1.699,-0.167,1.467,-36.533,4.903,47,53,0,2,0,52.859,-50.371,2.242,0,0,1,2,4,R,"yumi2012",174.1,85,0.5,3,67,W,Y,2711.326,255,69,91,48,19,145,113,-30,-15.711,0.1,0,0.313,-164.105,-476.305,-230.371,-0.056,-37.586,0,"눈꽃",-0.063,-17.826,0,"Kr_Luna",-20.889,-46.702,0,"_Gosomi",-15.382,-62.07,0,"HOGGYS 호기스",19.898,-48.259,0,"k@ster",10.764,-65.572,95,"AI",40.9,-90.65,0,"AI",0,-109.84,0,"AI",-40.8,-90.55,0,2711.263,0.164,-19.401,2713.455,5,"k@ster",12.233,-62.023,0,0,,,2716.012,,39,2
110,7,1,5,4,0,0,0,0,0,0,255,255,255,60,2750.791,"Floră",R,33,88,140,-1.36,0.336,0.133,1.591,-0.776,1.786,-36.338,12.222,0,100,0,2,0,136.021,-45.726,4.094,0,0,1,4,1,L,"눈꽃",190,80,0.497,3,67,W,Y,2751.838,214,89,75,66,27,145,101,32.674,0.805,-0.29,0,0.263,416.611,-320.341,-209.3,-0.049,-37.091,0,"Pring__",-0.042,-17.578,0,"うよすま",-20.598,-48.177,0,"Ѕeyeon",-13.82,-67.317,0,"yumi2012",24.592,-50.623,0,"ByeolBam",15.478,-63.043,0,"AI",40.904,-90.654,0,"AI",0,-109.845,0,"AI",-40.804,-90.554,0,2757.096,5.815,-105.09,2762.313,0,"Floră",0.012,-39.32,0,0,,,,,32,1
111,7,1,5,4,0,0,1,0,0,0,255,255,255,61,2774.069,"Floră",R,4,78,123,5.075,-0.722,0.521,1.638,2.528,1.145,-36.338,59.629,0,100,0,2,0,-215.015,0,4.293,0,0,0,5,0,R,"소솨소솨",190,80,0.498,3,67,W,Y,2775.173,190,179,74,100,76,145,90,23.398,-35.783,-0.81,0,0.657,-396.206,-273.846,264.344,0.176,-37.014,0,"Pring__",-0.015,-17.573,0,"うよすま",-22.308,-48.445,0,"Ѕeyeon",-16.692,-64.943,85,"yumi2012",24.344,-50.486,0,"ByeolBam",11.98,-65.045,0,"AI",40.904,-90.654,0,"AI",0,-109.845,0,"AI",-40.804,-90.554,0,2778.463,40.154,-70.24,2779.748,6,"AI",46.798,-80.496,1,0,,,,,33,2
112,7,1,5,4,0,0,1,1,0,0,0,255,255,62,2802.839,"Floră",R,0,66,106,1.445,0.09,0.357,1.584,0.619,1.683,-36.338,51.012,0,100,0,0,0,0,0,-19.468,0,0,0,0,2,L,"Kr_Luna",190,95.256,0.499,0,67,W,Y,0,0,0,0,0,0,0,0,0,0,0,0,0,0,0,0,0.005,-37.235,0,"Pring__",0.014,-17.5,0,"うよすま",-18.3,-41.12,0,"Ѕeyeon",-8.472,-61.378,0,"yumi2012",25.092,-50.584,0,"ByeolBam",15.669,-63.217,0,"AI",40.9,-90.65,0,"AI",0,-109.84,0,"AI",-40.8,-90.55,0,0,0,0,0,0,"",0,0,0,0,2804.054,,,,0,0
113,7,1,5,4,0,1,1,1,0,0,0,255,255,63,2818.283,"Floră",R,3,76,102,0.107,-0.856,0.403,1.477,0.949,1.093,-36.338,55.03,0,100,0,0,1,-463.636,0,3.247,0,0,0,0,2,L,"Kr_Luna",190,95.256,0.499,0,67,W,Y,0,0,0,0,0,0,0,0,0,0,0,0,0,0,0,0,0.162,-37.249,0,"Pring__",-0.045,-17.415,0,"うよすま",-18.273,-42.814,0,"Ѕeyeon",-9.201,-60.955,0,"yumi2012",25.08,-50.519,0,"ByeolBam",15.949,-62.348,0,"AI",40.9,-90.65,0,"AI",0,-109.84,0,"AI",-40.8,-90.55,0,0,0,0,0,0,"",0,0,0,0,2819.455,,,,0,0
114,7,1,5,4,0,2,1,0,1,0,255,255,255,64,2855.451,"Floră",R,32,74,125,5.493,-1.339,0.467,1.538,2.094,0.733,-36.338,61.078,0,100,0,1,0,187.614,-28.852,-4.421,0,0,0,0,2,L,"Kr_Luna",190,95.256,0.499,0,67,W,Y,0,0,0,0,0,0,0,0,0,0,0,0,0,0,0,0,0.125,-37.075,0,"Pring__",0.347,-18.075,0,"うよすま",-20.519,-43.462,0,"Ѕeyeon",-8.074,-59.382,0,"yumi2012",23.593,-47.214,0,"ByeolBam",10.61,-60.394,0,"AI",40.9,-90.65,0,"AI",0,-109.84,0,"AI",-40.8,-90.55,0,0,0,0,0,0,"",0,0,0,0,2856.58,2857.953,,,0,0
115,7,1,5,4,1,2,1,0,1,0,255,255,255,65,2870.368,"Floră",R,32,76,127,2.007,-1.09,0.409,1.497,0.505,0.835,-36.338,48.501,0,100,0,1,0,239.992,-92.772,-2.21,0,0,0,0,2,L,"Kr_Luna",190,95.256,0.499,0,67,W,Y,0,0,0,0,0,0,0,0,0,0,0,0,0,0,0,0,-0.074,-37.033,0,"Pring__",0.073,-17.557,0,"うよすま",-19.915,-44.121,0,"Ѕeyeon",-5.192,-59.61,0,"yumi2012",22.224,-46.43,0,"ByeolBam",14.049,-62.004,0,"AI",40.9,-90.65,0,"AI",0,-109.84,0,"AI",-40.8,-90.55,0,0,0,0,0,0,"",0,0,0,0,2871.438,2874.541,,,0,0
116,7,1,5,4,2,2,1,0,1,0,255,255,255,66,2883.525,"Floră",R,32,80,130,0.791,0.439,0.309,1.585,0.044,1.768,-36.338,43.849,0,100,0,2,0,201.917,-133.56,1.265,0,0,0,0,2,L,"Kr_Luna",190,95.256,0.499,3,67,W,Y,2884.324,163,122,139,72,38,145,130,35.316,-11.114,0.55,0,0.08,357.434,-304.06,-81.09,-0.316,-36.714,0,"Pring__",0.046,-17.614,0,"うよすま",-20.254,-47.096,0,"Ѕeyeon",-3.281,-60.688,0,"yumi2012",24.175,-49.514,0,"ByeolBam",16.355,-62.676,0,"AI",40.9,-90.65,0,"AI",0,-109.84,0,"AI",-40.8,-90.55,0,2890.438,33.02,-133.32,0,0,"",0,0,0,0,,2894.88,2889.643,2895.176,32,4
117,7,1,7,4,0,0,1,0,0,0,255,255,255,67,2921.937,"Floră",R,13,58,90,0.469,-1.569,0.604,1.44,0.944,1.372,-36.338,39.758,0,100,0,4,0,-330.25,295.086,13.138,0,0,1,1,5,R,"k@ster",160,95.017,0.646,0,68,W,Y,0,0,0,0,0,0,0,0,0,0,0,0,0,0,0,0,0.163,-37.244,0,"Pring__",-0.026,-17.486,0,"うよすま",-21.08,-44.075,0,"Ѕeyeon",-15.346,-65.044,0,"yumi2012",24.6,-51.128,0,"ByeolBam",14.408,-64.092,0,"AI",40.9,-90.65,0,"AI",0,-109.84,0,"AI",-40.8,-90.55,0,0,0,0,0,0,"",0,0,0,0,2923.438,,,,0,0
118,7,1,7,4,0,1,1,0,0,0,255,255,255,68,2939.464,"Floră",R,3,73,102,-0.474,-0.467,0.511,1.506,0.655,1.542,-36.338,14.19,0,100,0,2,0,-422.957,0,34.421,0,0,1,1,5,R,"k@ster",160,95.017,0.646,3,68,W,Y,2940.562,126,93,74,66,37,137,119,114.613,-21.163,0.46,0,0.247,324.55,-63.849,248.125,0.394,-36.871,0,"Pring__",-0.049,-17.544,0,"うよすま",-21.917,-47.99,0,"Ѕeyeon",-15.644,-65.437,0,"yumi2012",24.349,-51.252,0,"ByeolBam",14.343,-64.049,0,"AI",40.9,-90.65,0,"AI",0,-109.84,0,"AI",-40.8,-90.55,0,0,0,0,0,0,"",0,0,0,0,,,,,32,3
119,7,1,7,4,0,2,1,0,0,0,255,255,255,69,2956.014,"Floră",R,3,58,90,1.539,-1.022,0.79,1.53,1.52,1.089,-36.338,30.43,0,100,0,1,0,-381.961,0,18.181,0,0,0,1,5,R,"k@ster",160,95.017,0.646,0,68,W,Y,0,0,0,0,0,0,0,0,0,0,0,0,0,0,0,0,0.046,-36.988,0,"Pring__",-0.02,-17.498,0,"うよすま",-21.889,-47.466,0,"Ѕeyeon",-16.031,-63.49,0,"yumi2012",24.955,-52.126,0,"ByeolBam",12.116,-64.96,0,"AI",40.9,-90.65,0,"AI",0,-109.84,0,"AI",-40.8,-90.55,0,0,0,0,0,0,"",0,0,0,0,2957.354,,,,0,0
120,7,1,7,4,1,2,1,0,0,0,255,255,255,70,2968.949,"Floră",R,3,77,104,0.4,-0.375,0.622,1.46,0.998,1.423,-36.338,18.212,0,100,0,2,0,-435.521,0,21.84,0,0,1,1,5,R,"k@ster",160,95.017,0.646,3,68,W,Y,2970.004,125,77,67,63,36,137,81,20.511,-6.213,-0.5,0,0.167,375.128,364.056,116.674,0.333,-37.006,0,"Pring__",-0.048,-17.548,0,"うよすま",-21.988,-47.477,0,"Ѕeyeon",-16.458,-63.861,0,"yumi2012",24.775,-52.319,0,"ByeolBam",12.85,-64.372,0,"AI",40.9,-90.65,0,"AI",0,-109.84,0,"AI",-40.8,-90.55,0,2973.896,2.517,-84.011,2974.988,7,"AI",1.764,-90.193,1,0,,,,,33,2
121,7,1,7,4,0,0,1,1,0,0,5,255,255,71,2997.443,"Floră",R,3,60,92,-1.333,-0.195,0.466,1.641,0.211,1.521,-36.338,21.923,0,100,0,0,0,-358.847,0,20.266,0,0,1,2,4,L,"HOGGYS 호기스",174.5,90,0.45,0,68,W,Y,0,0,0,0,0,0,0,0,0,0,0,0,0,0,0,0,0.128,-37.263,0,"Pring__",-0.16,-17.923,0,"うよすま",-19.744,-41.157,0,"Ѕeyeon",-8.285,-60.172,0,"yumi2012",25.17,-50.736,0,"ByeolBam",15.356,-63.825,0,"AI",40.9,-90.65,0,"AI",0,-109.84,0,"AI",-40.8,-90.55,0,0,0,0,0,0,"",0,0,0,0,2998.83,,,,0,0
122,7,1,7,4,0,1,1,1,0,0,5,255,255,72,3010.99,"Floră",R,0,57,99,0.581,-0.008,0.391,1.552,0.241,1.624,-36.338,51.225,0,100,0,0,0,0,0,-1.238,0,0,1,2,4,L,"HOGGYS 호기스",174.5,90,0.45,0,68,W,Y,0,0,0,0,0,0,0,0,0,0,0,0,0,0,0,0,-0.007,-37.245,0,"Pring__",0.186,-18.097,0,"うよすま",-18.8,-44.038,0,"Ѕeyeon",-4.282,-60.672,0,"yumi2012",25.171,-50.719,0,"ByeolBam",10.139,-61.394,0,"AI",40.9,-90.65,0,"AI",0,-109.84,0,"AI",-40.8,-90.55,0,0,0,0,0,0,"",0,0,0,0,3012.488,3015.264,,,0,0
123,7,1,7,4,0,2,1,0,1,0,255,5,255,73,3033.44,"Floră",R,0,58,100,0.921,-0.079,0.354,1.523,0.39,1.584,-36.338,53.7,0,100,0,2,0,0,0,-6.24,0,0,1,2,4,L,"HOGGYS 호기스",174.5,90,0.45,3,68,W,Y,3034.483,195,68,92,83,32,145,109,97.998,79.352,0.84,0,0.432,155.41,227.974,-135.58,-0.178,-37.033,0,"Pring__",-0.043,-17.641,0,"うよすま",-19.525,-45.151,0,"Ѕeyeon",-8.461,-61.544,0,"yumi2012",25.024,-50.258,0,"ByeolBam",14.425,-61.17,0,"AI",40.9,-90.65,0,"AI",0,-109.84,0,"AI",-40.8,-90.55,0,0,0,0,0,0,"",0,0,0,0,,3038.286,,,32,3
124,7,1,7,4,0,2,1,0,1,0,255,5,255,74,3049.927,"Floră",R,1,48,91,0.987,-2.177,0.431,1.461,0.23,1.43,-36.338,52.251,0,100,0,1,0,-3.044,-2.632,-2.596,0.157,-19.548,0,2,4,L,"HOGGYS 호기스",174.5,90,0.45,0,40,W,Y,0,0,0,0,0,0,0,0,0,0,0,0,0,0,0,0,-0.132,-37.175,0,"Pring__",0.146,-17.926,0,"うよすま",-20.59,-44.374,0,"Ѕeyeon",-5.898,-63.045,0,"yumi2012",23.332,-47.111,0,"ByeolBam",11.123,-60.34,0,"AI",40.9,-90.65,0,"AI",0,-109.84,0,"AI",-40.8,-90.55,0,0,0,0,0,0,"",0,0,0,0,3051.354,3052.664,,,0,0
125,7,1,7,4,1,2,1,0,1,0,255,5,255,75,3062.665,"Floră",R,3,50,85,2.143,-0.514,0.872,1.393,1.708,1.351,-36.338,43.326,0,85,15,2,0,-329.893,0,20.464,0,0,1,2,4,L,"HOGGYS 호기스",174.5,90,0.45,3,40,W,Y,3063.766,106,65,115,84,55,137,125,-30,-40.079,0.66,0,0.503,110.5,128.201,81.332,0.322,-37.256,0,"Pring__",-0.057,-17.576,0,"うよすま",-20.155,-47.339,88,"Ѕeyeon",-5.139,-62.434,0,"yumi2012",25.75,-50.965,0,"ByeolBam",14.387,-59.654,0,"AI",40.9,-90.65,0,"AI",0,-109.84,0,"AI",-40.8,-90.55,0,3063.713,1.577,-22.444,3065.28,4,"yumi2012",22.006,-46.775,0,0,,,3068.368,,44,2
126,7,1,7,4,0,0,2,0,0,1,255,255,5,76,3089.135,"Floră",R,33,72,123,5.813,-0.466,0.526,1.545,2.391,1.284,-36.338,57.95,0,100,0,3,0,133.055,17.885,2.907,1.481,-21.157,0,3,3,R,"_Gosomi",175.2,85.099,0.49,0,68,W,Y,0,0,0,0,0,0,0,0,0,0,0,0,0,0,0,0,-0.162,-37.078,0,"Pring__",0.797,-18.504,0,"うよすま",-20.588,-46.856,0,"Ѕeyeon",-13.006,-67.284,0,"yumi2012",21.545,-45.634,0,"ByeolBam",13.691,-64.222,0,"AI",40.9,-90.65,0,"AI",0,-109.84,0,"AI",-40.8,-90.55,0,0,0,0,0,0,"",0,0,0,0,3092.371,,3091.9,,0,6
127,7,1,7,4,2,0,2,0,0,1,255,255,5,77,3110.627,"Floră",R,33,84,136,0.281,-0.538,0.289,1.638,-0.052,1.262,-36.338,27.942,0,100,0,2,0,122.114,-24.485,1.962,0,0,1,3,3,R,"_Gosomi",175.2,85.099,0.49,3,68,W,Y,3111.677,202,54,101,105,67,145,127,27.775,21.124,0.3,0,0.404,46.058,68.331,-1.782,-0.144,-37.002,0,"Pring__",-0.038,-17.659,0,"うよすま",-21.665,-47.564,0,"Ѕeyeon",-12.885,-65.335,0,"yumi2012",21.156,-47.51,0,"ByeolBam",12.785,-64.729,88,"AI",40.9,-90.65,0,"AI",0,-109.84,0,"AI",-40.8,-90.55,0,3116.663,-41.846,-123.138,3118.396,8,"AI",-39.59,-119.357,1,0,,3121.628,,3116.653,34,2
128,7,1,8,4,0,0,2,1,0,0,3,255,255,78,3139.867,"Floră",R,3,67,97,-1.262,-0.353,0.371,1.574,0.219,1.707,-36.338,35.794,0,100,0,0,0,-369.01,195.956,7.485,0,0,1,4,1,L,"눈꽃",190,80,0.497,0,68,W,Y,0,0,0,0,0,0,0,0,0,0,0,0,0,0,0,0,-0.159,-37.356,0,"Pring__",-0.027,-17.363,0,"うよすま",-22.109,-46.925,0,"Ѕeyeon",-12.24,-65.022,0,"yumi2012",22.698,-46.847,0,"ByeolBam",15.104,-62.745,0,"AI",40.903,-90.652,0,"AI",0,-109.843,0,"AI",-40.803,-90.552,0,0,0,0,0,0,"",0,0,0,0,3141.363,3142.517,,,0,0
129,7,1,8,4,0,1,2,0,1,0,255,3,255,79,3153.097,"Floră",R,0,62,103,2.346,-0.101,0.463,1.552,1.008,1.566,-36.338,56.008,0,100,0,4,0,0,0,-17.569,0,0,1,4,1,L,"눈꽃",190,80,0.497,0,68,W,Y,0,0,0,0,0,0,0,0,0,0,0,0,0,0,0,0,-0.042,-37.114,0,"Pring__",-0.025,-17.397,0,"うよすま",-21.663,-46.461,0,"Ѕeyeon",-11.277,-64.559,0,"yumi2012",22.089,-46.857,0,"ByeolBam",15.543,-63.628,0,"AI",40.903,-90.652,0,"AI",0,-109.843,0,"AI",-40.803,-90.552,0,0,0,0,0,0,"",0,0,0,0,3154.513,3155.493,,,0,0
130,7,1,8,4,0,2,2,0,1,0,255,3,255,80,3165.536,"Floră",R,13,76,102,0.444,-1.163,0.588,1.405,0.892,1.34,-36.338,46.97,0,100,0,2,0,-362.039,312.348,-1.221,0,0,1,4,1,L,"눈꽃",190,80,0.497,3,68,W,Y,3166.759,255,123,112,77,81,145,130,108.5,71.8,0.52,0,0.367,432.903,248.272,-55.542,0.196,-36.746,0,"Pring__",-0.003,-17.938,0,"うよすま",-20.967,-47.216,0,"Ѕeyeon",-9.617,-64.584,0,"yumi2012",23.294,-47.983,0,"ByeolBam",15.559,-63.63,0,"AI",40.904,-90.654,0,"AI",0,-109.845,0,"AI",-40.804,-90.554,0,0,0,0,0,0,"",0,0,0,0,,3172.543,,,32,3
131,7,1,8,4,0,2,2,0,1,0,255,3,255,81,3180.96,"Floră",R,3,72,100,-0.822,-0.739,0.477,1.329,0.55,1.177,-36.338,39.024,0,70,30,2,0,-454.546,0,13.64,0,0,1,4,1,L,"눈꽃",190,80,0.497,3,68,W,Y,3182.19,255,147,83,71,81,145,130,26.855,36.482,0.48,0,0.446,195.508,187.206,-279.794,0.057,-37.255,0,"Pring__",-0.066,-17.544,0,"うよすま",-20.943,-47.36,0,"Ѕeyeon",-8.276,-62.245,0,"yumi2012",23.118,-48.342,0,"ByeolBam",15.981,-63.117,0,"AI",40.905,-90.654,0,"AI",0,-109.845,0,"AI",-40.805,-90.554,0,3187.271,-74.485,-114.25,0,0,"",0,0,0,0,,3192.477,3184.941,3191.479,32,4
132,7,1,10,4,0,0,2,0,0,0,255,255,255,82,3216.247,"Floră",R,33,79,129,3.535,-0.185,0.589,1.506,1.345,1.511,-36.338,52.746,0,100,0,2,0,121.732,16.879,1.014,0,0,0,5,2,R,"소솨소솨",190,80,0.498,3,68,W,Y,3217.344,183,121,69,104,21,142,89,-28.303,-47.83,-0.79,0,0.511,-282.314,-26.022,86.31,0.417,-37.032,0,"Pring__",-0.036,-17.459,0,"うよすま",-21.902,-48.116,0,"Ѕeyeon",-14.017,-66.759,0,"yumi2012",23.652,-52.843,0,"ByeolBam",14.317,-64.502,0,"AI",40.904,-90.654,0,"AI",0,-109.845,0,"AI",-40.804,-90.554,0,3217.321,2.392,-21.022,3219.655,4,"yumi2012",24.115,-46.206,0,0,3244.13,,,,29,2
133,7,0,10,4,0,0,0,0,0,0,255,255,255,49,3298.37,"Kr_Luna",L,3,52,87,-1.471,0.33,-0.727,1.914,-1.474,1.839,-36.808,52.574,96,4,0,0,0,329.991,0.061,0,0,0,1,3,2,R,"うよすま",190,83.385,0.503,0,68,W,Y,0,0,0,0,0,0,0,0,0,0,0,0,0,0,0,0,0.011,-38.249,0,"눈꽃",-0.065,-17.737,0,"소솨소솨",-20.721,-48.253,0,"_Gosomi",-16.337,-61.875,0,"HOGGYS 호기스",19.588,-47.666,0,"k@ster",10.179,-65.727,0,"AI",40.9,-90.65,0,"AI",0,-109.84,0,"AI",-40.8,-90.55,0,0,0,0,0,0,"",0,0,0,0,3299.796,,,,0,0
134,7,0,10,4,0,1,0,0,0,0,255,255,255,50,3314.075,"Kr_Luna",L,27,83,135,-1.037,1.179,-0.199,2.001,-0.309,2.225,-36.808,55.81,89,10,2,4,0,-93.817,-124.48,0,0,0,1,3,2,R,"うよすま",190,83.385,0.503,0,68,W,Y,0,0,0,0,0,0,0,0,0,0,0,0,0,0,0,0,0.038,-38.208,0,"눈꽃",-0.027,-17.735,0,"소솨소솨",-20.794,-48.218,0,"_Gosomi",-15.826,-62.265,0,"HOGGYS 호기스",19.606,-47.636,0,"k@ster",10.209,-65.758,0,"AI",40.9,-90.65,0,"AI",0,-109.84,0,"AI",-40.8,-90.55,0,0,0,0,0,0,"",0,0,0,0,3315.255,,,,0,0
135,7,0,10,4,0,2,0,0,0,0,255,255,255,51,3330.872,"Kr_Luna",L,10,76,116,1.286,0.91,-0.143,2.068,0.409,2.671,-36.808,37.044,93,7,0,0,0,87.366,400,0,0,0,0,3,2,R,"うよすま",190,83.385,0.503,0,68,W,Y,0,0,0,0,0,0,0,0,0,0,0,0,0,0,0,0,0.118,-38.249,0,"눈꽃",-0.054,-17.708,0,"소솨소솨",-20.778,-48.243,0,"_Gosomi",-15.791,-62.272,0,"HOGGYS 호기스",19.63,-47.626,0,"k@ster",10.203,-65.719,0,"AI",40.9,-90.65,0,"AI",0,-109.84,0,"AI",-40.8,-90.55,0,0,0,0,0,0,"",0,0,0,0,3332.171,,,,0,0
136,7,0,10,4,0,0,1,0,0,0,255,255,255,52,3352.736,"Kr_Luna",L,6,67,96,0.481,0.317,0.251,1.91,1.206,1.823,-36.808,35.394,100,0,0,0,0,-436.364,0,0,0,0,0,4,0,L,"Pring__",190,93.089,0.485,0,68,W,Y,0,0,0,0,0,0,0,0,0,0,0,0,0,0,0,0,0.139,-38.161,0,"눈꽃",-0.035,-17.804,0,"소솨소솨",-21.042,-49.89,0,"_Gosomi",-8.656,-65.235,0,"HOGGYS 호기스",19.65,-47.649,0,"k@ster",15.027,-63.808,0,"AI",40.9,-90.65,0,"AI",0,-109.84,0,"AI",-40.8,-90.55,0,0,0,0,0,0,"",0,0,0,0,3354.121,,,,0,0
137,7,0,10,4,0,1,1,0,0,0,255,255,255,53,3367.758,"Kr_Luna",L,27,86,140,-0.988,1.211,-0.266,1.989,-0.307,2.262,-36.808,44.608,85,10,4,4,0,-83.035,-112.85,0,0,0,1,4,0,L,"Pring__",190,93.089,0.485,0,68,W,Y,0,0,0,0,0,0,0,0,0,0,0,0,0,0,0,0,0.241,-38.251,0,"눈꽃",-0.055,-17.784,0,"소솨소솨",-21.117,-49.903,0,"_Gosomi",-9.163,-65.879,0,"HOGGYS 호기스",19.631,-47.638,0,"k@ster",15.058,-63.78,0,"AI",40.9,-90.65,0,"AI",0,-109.84,0,"AI",-40.8,-90.55,0,0,0,0,0,0,"",0,0,0,0,3368.888,,,,0,0
138,7,0,10,4,0,2,1,0,0,0,255,255,255,54,3384.393,"Kr_Luna",L,10,71,113,-0.998,1.65,-0.282,2.198,-0.426,3.155,-36.808,56.948,87,13,0,1,0,0,400,0,0,0,0,4,0,L,"Pring__",190,93.089,0.485,0,68,W,Y,0,0,0,0,0,0,0,0,0,0,0,0,0,0,0,0,0.149,-38.247,0,"눈꽃",-0.024,-17.757,0,"소솨소솨",-21.119,-49.9,0,"_Gosomi",-9.059,-65.963,0,"HOGGYS 호기스",19.629,-47.629,0,"k@ster",15.001,-63.742,0,"AI",40.9,-90.65,0,"AI",0,-109.84,0,"AI",-40.8,-90.55,0,0,0,0,0,0,"",0,0,0,0,3385.729,,,,0,0
139,7,0,10,4,1,2,1,0,0,0,255,255,255,55,3400.317,"Kr_Luna",L,13,64,94,-1.783,-0.446,-0.664,2.11,-1.348,1.997,-36.808,53.81,85,15,0,1,0,253.544,400,0,0,0,0,4,0,L,"Pring__",190,93.089,0.485,0,68,W,Y,0,0,0,0,0,0,0,0,0,0,0,0,0,0,0,0,0.284,-38.245,0,"눈꽃",-0.077,-17.811,0,"소솨소솨",-21.12,-49.896,0,"_Gosomi",-9.267,-65.962,0,"HOGGYS 호기스",19.654,-47.644,0,"k@ster",13.992,-64.043,0,"AI",40.9,-90.65,0,"AI",0,-109.84,0,"AI",-40.8,-90.55,0,0,0,0,0,0,"",0,0,0,0,3401.746,,,,0,0
140,7,0,10,4,2,2,1,0,0,0,255,255,255,56,3415.752,"Kr_Luna",L,27,83,134,-1.384,1.649,-0.223,2.078,-0.424,2.518,-36.808,60.035,88,7,4,2,0,-117.054,-125.796,0,0,0,1,4,0,L,"Pring__",190,93.089,0.485,3,68,W,Y,3416.63,255,150,104,132,74,145,130,30.026,21.697,0.41,0,0.373,213.956,234.379,-11.088,-0.055,-38.007,0,"눈꽃",-0.036,-17.788,0,"소솨소솨",-21.137,-49.915,0,"_Gosomi",-9.149,-65.978,0,"HOGGYS 호기스",20.782,-49.009,0,"k@ster",14.699,-64.082,0,"AI",40.9,-90.65,0,"AI",0,-109.84,0,"AI",-40.8,-90.55,0,3422.13,-50.086,-126.915,0,0,"",0,0,0,0,,3427.05,3432.363,,1,4
141,7,0,10,5,0,0,1,0,0,0,255,255,255,57,3455.427,"Kr_Luna",L,10,62,94,-1.116,-0.866,-0.354,1.947,-0.476,1.746,-36.808,30.406,100,0,0,2,0,0,400,0,0,0,1,5,1,R,"Floră",190,85,0.404,3,69,W,Y,3456.792,221,108,87,96,103,145,130,104.218,-63.489,0.5,0,0.452,215.1,-50.108,131.327,0.327,-38.15,0,"눈꽃",-0.089,-17.805,0,"소솨소솨",-23.114,-51.099,0,"_Gosomi",-13.249,-64.423,0,"HOGGYS 호기스",22.066,-49.613,0,"k@ster",9.636,-66.439,0,"AI",40.9,-90.65,0,"AI",0,-109.84,0,"AI",-40.8,-90.55,0,0,0,0,0,0,"",0,0,0,0,,,,,1,3
142,7,0,10,5,0,1,1,0,0,0,255,255,255,58,3472.272,"Kr_Luna",L,14,83,121,0.595,-0.701,-0.103,1.764,0.916,1.526,-36.808,30.868,96,4,0,0,0,-390.434,312.348,0,0,0,0,5,1,R,"Floră",190,85,0.404,0,91,W,Y,0,0,0,0,0,0,0,0,0,0,0,0,0,0,0,0,0.179,-38.371,0,"눈꽃",0.008,-17.78,0,"소솨소솨",-23.107,-51.117,0,"_Gosomi",-12.769,-64.542,0,"HOGGYS 호기스",22.038,-49.724,0,"k@ster",10.764,-65.906,0,"AI",40.9,-90.65,0,"AI",0,-109.84,0,"AI",-40.8,-90.55,0,0,0,0,0,0,"",0,0,0,0,3473.729,,,,0,0
143,7,0,10,5,0,2,1,0,0,0,255,255,255,59,3490.568,"Kr_Luna",L,26,76,127,-0.449,1.352,-0.144,2.023,-0.008,2.297,-36.808,57.186,87,9,3,2,0,-116.481,-152.404,0,0,0,1,5,1,R,"Floră",190,85,0.404,3,91,W,Y,3491.871,130,168,133,126,59,140,115,26.88,-7.343,0.79,0,0.724,268.648,-17.846,17.867,0.197,-37.88,0,"눈꽃",-0.052,-17.771,0,"소솨소솨",-23.152,-51.078,0,"_Gosomi",-13.018,-64.446,0,"HOGGYS 호기스",22.036,-49.712,0,"k@ster",10.759,-65.863,0,"AI",40.9,-90.65,0,"AI",0,-109.84,0,"AI",-40.8,-90.55,0,3496.905,13.334,-120.171,0,0,"",0,0,0,0,,,,,1,1
144,7,0,10,5,0,0,2,0,0,0,255,255,255,60,3516.285,"Kr_Luna",L,27,86,140,1.109,0.452,-0.082,1.833,0.551,1.733,-36.808,35.528,87,12,1,0,0,-46.317,-115.147,0,0,0,1,0,3,R,"Ѕeyeon",170.6,85,0.35,0,69,W,Y,0,0,0,0,0,0,0,0,0,0,0,0,0,0,0,0,0.155,-38.13,0,"눈꽃",0.016,-17.601,0,"소솨소솨",-21.524,-50.599,0,"_Gosomi",-13.445,-63.456,0,"HOGGYS 호기스",22.132,-49.934,0,"k@ster",9.664,-66.171,0,"AI",40.9,-90.65,0,"AI",0,-109.84,0,"AI",-40.8,-90.55,0,0,0,0,0,0,"",0,0,0,0,3517.505,,,,0,0
145,7,0,10,5,0,1,2,0,0,0,255,255,255,61,3531.332,"Kr_Luna",L,27,87,140,0.205,0.222,-0.156,1.797,0.206,1.605,-36.808,32.224,91,9,0,2,0,-80.78,-113.449,0,0,0,1,0,3,R,"Ѕeyeon",170.6,85,0.35,3,69,W,Y,3532.357,204,82,100,71,38,145,98,46.038,29.102,-0.06,0,0.613,294.815,-163.044,52.697,0.134,-37.978,0,"눈꽃",-0.084,-17.623,0,"소솨소솨",-21.521,-50.604,0,"_Gosomi",-13.361,-63.347,0,"HOGGYS 호기스",22.12,-49.919,0,"k@ster",9.768,-66.463,0,"AI",40.9,-90.65,0,"AI",0,-109.84,0,"AI",-40.8,-90.55,0,3537.83,-35.366,-86.612,0,0,"",0,0,0,0,3576.346,,,,48,1
146,8,1,10,5,0,0,0,0,0,0,255,255,255,83,3604.033,"Pring__",R,26,83,135,-0.028,0.117,0.242,1.533,-0.271,1.517,-36.186,33.821,25,75,0,2,0,185.922,-200,17.076,0,0,0,0,0,L,"Kr_Luna",190,95.256,0.499,3,69,W,Y,3604.976,186,62,103,48,24,145,115,29.657,-39.74,0.14,0,0.093,168.469,-353.691,153.81,-0.383,-36.622,0,"Floră",-0.08,-17.2,0,"うよすま",-21.782,-49,0,"Ѕeyeon",-13.151,-64.877,0,"yumi2012",24.868,-50.9,0,"ByeolBam",15.314,-63.468,96,"AI",40.9,-90.65,0,"AI",0,-109.84,0,"AI",-40.8,-90.55,0,3609.688,70.511,-92.527,3611.413,6,"AI",68.319,-92.522,1,0,,3615.338,,,18,2
147,8,1,10,5,0,0,0,0,1,0,255,0,255,84,3634.696,"Pring__",R,32,79,129,1.9,0.207,0.415,1.546,0.535,1.541,-36.186,41.973,0,100,0,2,0,197.763,-153.811,-2.74,0,0,1,1,5,R,"k@ster",160,95.017,0.646,3,69,W,Y,3635.721,137,91,65,56,23,137,75,-2.647,-41.502,-0.86,0,0.249,-121.294,-553.937,196.066,-0.056,-36.886,0,"Floră",-0.013,-17.202,0,"うよすま",-19.793,-45.919,107,"Ѕeyeon",-12.876,-61.341,0,"yumi2012",23.094,-50.424,0,"ByeolBam",13.546,-61.681,0,"AI",40.9,-90.65,0,"AI",0,-109.84,0,"AI",-40.8,-90.55,0,3636.013,6.918,-26.826,3637.838,4,"yumi2012",21.126,-43.318,1,0,,,3642.861,,28,2
148,8,1,10,5,0,0,0,1,0,1,5,255,0,85,3662.078,"Pring__",R,13,75,102,0.444,-0.332,0.572,1.491,0.844,1.926,-36.186,49.356,0,100,0,0,0,-347.863,330.553,-4.296,0,0,1,2,4,L,"HOGGYS 호기스",174.5,90,0.45,0,69,W,Y,0,0,0,0,0,0,0,0,0,0,0,0,0,0,0,0,-0.261,-37.712,0,"Floră",-0.096,-17.205,0,"うよすま",-19.276,-41.679,0,"Ѕeyeon",-7.188,-60.839,0,"yumi2012",21.733,-45.097,0,"ByeolBam",14.927,-63.604,0,"AI",40.9,-90.65,0,"AI",0,-109.84,0,"AI",-40.8,-90.55,0,0,0,0,0,0,"",0,0,0,0,3663.563,,3665.063,,0,0
149,8,1,10,5,0,1,0,1,0,1,5,255,0,86,3677.404,"Pring__",R,32,76,127,2.022,0.932,0.41,1.476,0.512,2.01,-36.186,47.858,0,100,0,2,0,245.774,-138.148,-4.108,0,0,1,2,4,L,"HOGGYS 호기스",174.5,90,0.45,3,69,W,Y,3678.488,217,51,72,36,0,137,126,28.494,-27.026,0.43,0,0.389,-119.11,-3.607,76.727,-0.247,-36.73,0,"Floră",0.025,-17.355,0,"うよすま",-18.791,-44.965,0,"Ѕeyeon",-6.147,-60.962,0,"yumi2012",20.842,-47.263,0,"ByeolBam",12.59,-60.219,89,"AI",40.9,-90.65,0,"AI",0,-109.84,0,"AI",-40.8,-90.55,0,3683.213,49.685,-116.755,3684.596,6,"AI",48.69,-114.705,1,0,,3683.257,3687.956,3684.332,18,2
150,8,1,11,5,0,0,0,1,0,1,4,255,5,87,3707.522,"Pring__",R,32,86,139,1.27,1.019,0.248,1.481,0.224,2.024,-36.186,33.372,0,100,0,2,0,250,-200,10.126,0,0,1,3,3,R,"_Gosomi",175.2,85.099,0.49,3,69,W,Y,3708.707,115,24,114,76,48,137,94,108.597,-71.384,0.92,0,0.394,117.68,409.802,-113.549,-0.169,-36.994,0,"Floră",-0.093,-17.086,0,"うよすま",-20.467,-41.818,0,"Ѕeyeon",-11.27,-63.295,0,"yumi2012",23.139,-49.889,0,"ByeolBam",12.711,-65.229,0,"AI",40.904,-90.654,0,"AI",0,-109.845,0,"AI",-40.804,-90.554,0,0,0,0,0,0,"",0,0,0,0,,,3711.243,,16,3
151,8,1,11,5,0,1,0,1,0,1,4,255,5,88,3728.143,"Pring__",R,13,81,106,-2.1,-1.092,0.221,1.485,-0.244,1.442,-36.186,26.312,40,60,0,4,0,-368.489,322.14,14.818,0,0,1,3,3,R,"_Gosomi",175.2,85.099,0.49,0,69,W,Y,0,0,0,0,0,0,0,0,0,0,0,0,0,0,0,0,-0.1,-37.953,0,"Floră",0.289,-18.254,0,"うよすま",-19.783,-40.236,0,"Ѕeyeon",-9.05,-60.799,0,"yumi2012",22.088,-46.567,0,"ByeolBam",9.25,-64.406,0,"AI",40.903,-90.652,0,"AI",0,-109.843,0,"AI",-40.803,-90.552,0,0,0,0,0,0,"",0,0,0,4,3729.688,3732.906,3731.173,,0,0
152,8,1,11,5,0,2,1,0,0,1,255,255,5,89,3750.486,"Pring__",R,32,88,140,-1.189,1.029,0.021,1.483,-0.831,2.031,-36.186,16.001,0,100,0,0,0,250,-200,25.611,0,0,0,3,3,R,"_Gosomi",175.2,85.099,0.49,0,69,W,Y,0,0,0,0,0,0,0,0,0,0,0,0,0,0,0,0,0.047,-37.191,0,"Floră",-0.357,-17.213,0,"うよすま",-21.251,-44.41,0,"Ѕeyeon",-14.123,-65.482,0,"yumi2012",21.71,-48.487,0,"ByeolBam",12.046,-63.978,0,"AI",40.903,-90.652,0,"AI",0,-109.843,0,"AI",-40.803,-90.552,0,0,0,0,0,0,"",0,0,0,0,3751.755,,3753.243,,0,0
153,8,1,11,5,0,0,2,0,0,1,255,255,5,90,3772.348,"Pring__",R,32,92,140,-2.094,-0.788,0.038,1.36,-1.217,0.957,-36.186,16.567,0,100,0,1,0,250,-200,32.762,0,0,0,4,1,L,"눈꽃",190,80,0.497,0,69,W,Y,0,0,0,0,0,0,0,0,0,0,0,0,0,0,0,0,0.055,-37.284,0,"Floră",-0.05,-17.015,0,"うよすま",-22.085,-46.092,0,"Ѕeyeon",-13.812,-67.242,0,"yumi2012",21.81,-44.957,0,"ByeolBam",15.989,-63.369,0,"AI",40.902,-90.652,0,"AI",0,-109.843,0,"AI",-40.802,-90.552,0,0,0,0,0,0,"",0,0,0,0,3773.613,,3774.848,,0,0
154,8,1,11,5,1,0,2,0,0,1,255,255,5,91,3787.895,"Pring__",R,32,87,140,-1.262,0.306,0.015,1.379,-0.861,1.664,-36.186,16.707,0,100,0,0,0,250,-183.241,28.957,0,0,0,4,1,L,"눈꽃",190,80,0.497,0,69,W,Y,0,0,0,0,0,0,0,0,0,0,0,0,0,0,0,0,-0.136,-37.614,0,"Floră",-0.022,-17.093,0,"うよすま",-20.897,-47.245,0,"Ѕeyeon",-13.605,-66.807,0,"yumi2012",20.921,-43.865,0,"ByeolBam",16.012,-63.408,0,"AI",40.903,-90.652,0,"AI",0,-109.843,0,"AI",-40.803,-90.552,0,0,0,0,0,0,"",0,0,0,0,3788.996,,3790.352,,0,0
155,8,1,11,5,1,1,2,0,0,1,255,255,5,92,3803.415,"Pring__",R,13,88,111,-2.025,-1.326,0.13,1.352,-0.216,1.171,-36.186,15.863,0,100,0,4,0,-390.434,312.348,46.351,0,0,1,4,1,L,"눈꽃",190,80,0.497,0,69,W,Y,0,0,0,0,0,0,0,0,0,0,0,0,0,0,0,0,-0.009,-37.385,0,"Floră",-0.189,-17.122,0,"うよすま",-22.184,-47.383,0,"Ѕeyeon",-13.673,-66.855,0,"yumi2012",19.553,-40.057,0,"ByeolBam",16.024,-63.416,0,"AI",40.903,-90.652,0,"AI",0,-109.843,0,"AI",-40.803,-90.552,0,0,0,0,0,0,"",0,0,0,0,3804.796,,3806.425,,0,0
156,8,1,11,5,1,2,2,0,0,1,255,255,5,93,3820.893,"Pring__",R,32,84,136,-0.768,0.883,0.155,1.493,-0.674,2.036,-36.186,29.174,0,100,0,2,0,250,-163.792,18.637,0,0,1,4,1,L,"눈꽃",190,80,0.497,3,69,W,Y,3821.895,234,26,87,23,13,137,93,26.026,-52.225,0.95,0,0.171,46.04,-487.067,89.6,-0.306,-37.302,0,"Floră",-0.026,-17.581,0,"うよすま",-21.745,-48.579,0,"Ѕeyeon",-13.802,-67.785,0,"yumi2012",21.733,-47.372,0,"ByeolBam",14.969,-63.673,0,"AI",40.904,-90.654,0,"AI",0,-109.844,0,"AI",-40.804,-90.554,0,3825.305,57.307,-55.472,0,0,"",0,0,0,0,,,3827.993,,16,3
157,8,1,11,5,1,2,2,0,0,1,255,255,5,94,3841.403,"Pring__",R,3,76,103,1.471,-0.427,0.669,1.574,1.456,1.65,-36.186,52.415,0,100,0,0,0,-423.082,214.116,-0.879,0,0,1,4,1,L,"눈꽃",190,80,0.497,0,69,W,Y,0,0,0,0,0,0,0,0,0,0,0,0,0,0,0,0,0.042,-37.639,0,"Floră",-0.399,-18.652,0,"うよすま",-21.996,-47.702,0,"Ѕeyeon",-12.583,-67.69,0,"yumi2012",21.011,-45.066,0,"ByeolBam",13.864,-62.815,0,"AI",40.902,-90.652,0,"AI",0,-109.843,0,"AI",-40.802,-90.552,0,0,0,0,0,0,"",0,0,0,16,3842.729,,,,0,0
158,8,0,11,5,0,0,0,0,0,0,255,255,255,62,3887.003,"Kr_Luna",L,27,92,140,0.888,0.201,-0.092,1.782,0.5,1.588,-36.808,35.047,90,7,3,2,0,-78.351,-128.157,0,0,0,1,1,5,R,"ByeolBam",175,90,0.5,3,69,W,Y,3887.93,255,101,147,68,32,145,127,114.111,-63.038,0.45,0,0.207,272.553,-95.963,30.304,0.132,-37.864,0,"눈꽃",-0.087,-17.723,0,"소솨소솨",-21.437,-51.266,0,"_Gosomi",-15.805,-63.167,0,"HOGGYS 호기스",22.025,-50.797,0,"k@ster",10.486,-66.049,0,"AI",40.9,-90.65,0,"AI",0,-109.84,0,"AI",-40.8,-90.55,0,0,0,0,0,0,"",0,0,0,0,,,,,1,3
159,8,0,11,5,0,1,0,0,0,0,255,255,255,63,3904.959,"Kr_Luna",L,14,87,126,0.871,-1.598,-0.084,1.73,1.004,1.043,-36.808,27.594,95,5,0,2,0,-390.434,312.348,0,0,0,1,1,5,R,"ByeolBam",175,90,0.5,3,69,W,Y,3905.869,160,149,143,94,49,145,127,9.143,-8.772,0.57,0,0.281,-228.601,294.875,-81.069,0.214,-37.964,0,"눈꽃",-0.031,-17.759,0,"소솨소솨",-21.913,-50.828,0,"_Gosomi",-16.324,-62.174,0,"HOGGYS 호기스",22.218,-51.057,0,"k@ster",10.201,-66.314,78,"AI",40.9,-90.65,0,"AI",0,-109.84,0,"AI",-40.8,-90.55,0,3907.863,7.371,-82.065,3912.155,7,"AI",12.74,-131.414,1,0,,3915.829,,,3,2
160,8,0,11,5,0,0,0,0,1,0,255,15,255,64,3939.526,"Kr_Luna",L,33,82,118,-0.717,-0.077,-0.226,1.72,-0.08,1.454,-36.808,39.658,87,13,0,0,0,-129.074,-85.206,0,0,0,1,2,4,R,"yumi2012",174.1,85,0.5,0,69,W,Y,0,0,0,0,0,0,0,0,0,0,0,0,0,0,0,0,0.236,-37.919,0,"눈꽃",-0.108,-17.735,0,"소솨소솨",-20.21,-47.065,0,"_Gosomi",-14.42,-61.082,0,"HOGGYS 호기스",21.772,-49.851,0,"k@ster",10.734,-66.067,0,"AI",40.9,-90.65,0,"AI",0,-109.84,0,"AI",-40.8,-90.55,0,0,0,0,0,0,"",0,0,0,0,3940.971,3943.277,,,0,0
161,8,0,11,5,0,1,0,0,1,0,255,15,255,65,3955.2,"Kr_Luna",L,27,86,122,0.698,0.162,-0.069,1.767,0.407,1.564,-36.808,27.968,91,9,0,2,0,-60.516,-107.85,0,0,0,1,2,4,R,"yumi2012",174.1,85,0.5,3,69,W,Y,3956.362,204,107,75,53,28,141,100,22.868,-26.688,0.05,0,0.49,120.325,-104.322,117.31,0.17,-38.043,0,"눈꽃",-0.11,-17.817,0,"소솨소솨",-20.086,-47.102,0,"_Gosomi",-13.686,-61.107,107,"HOGGYS 호기스",21.62,-45.656,0,"k@ster",9.597,-66.262,0,"AI",40.9,-90.65,0,"AI",0,-109.84,0,"AI",-40.8,-90.55,0,3960.746,39.871,-95.783,3965.313,3,"_Gosomi",3.155,-62.022,0,0,,3961.199,3966.067,,13,1
162,8,0,11,5,0,0,1,0,0,1,255,255,15,66,3989.776,"Kr_Luna",L,14,84,122,1.243,-0.935,-0.05,1.824,1.162,1.395,-36.808,28.213,94,6,0,2,0,-372.987,332.988,0,0,0,1,3,2,R,"うよすま",190,83.385,0.503,3,46,W,Y,3990.823,255,81,93,86,20,145,111,17.13,-3.872,0.89,0,0.532,75.255,320.339,446.371,0.306,-38.085,119,"눈꽃",-0.084,-17.612,0,"소솨소솨",-20.551,-47.699,0,"_Gosomi",-15.277,-62.095,0,"HOGGYS 호기스",19.546,-42.719,0,"k@ster",10.954,-65.738,0,"AI",40.9,-90.65,0,"AI",0,-109.84,0,"AI",-40.8,-90.55,0,3994.763,-0.653,-111.242,3999.604,0,"Kr_Luna",0.017,-49.14,0,0,4001.43,,3992.634,4000.197,17,1
163,8,0,11,6,0,0,2,0,0,0,255,255,255,67,4019.925,"Kr_Luna",L,14,77,115,-0.131,0.708,-0.084,2.07,0.541,2.516,-36.808,46.805,94,6,0,0,0,-332.439,373.476,0,0,0,1,4,0,L,"Pring__",190,93.089,0.485,0,70,W,Y,0,0,0,0,0,0,0,0,0,0,0,0,0,0,0,0,0.229,-38.217,0,"눈꽃",-0.07,-17.852,0,"소솨소솨",-20.834,-51.307,0,"_Gosomi",-6.743,-66.261,0,"HOGGYS 호기스",21.203,-47.09,0,"k@ster",14.476,-63.983,0,"AI",40.9,-90.65,0,"AI",0,-109.84,0,"AI",-40.8,-90.55,0,0,0,0,0,0,"",0,0,0,0,4021.121,,,,0,0
164,8,0,11,6,0,1,2,0,0,0,255,255,255,68,4035.493,"Kr_Luna",L,28,79,116,0.576,-0.129,-0.07,1.798,0.402,1.425,-36.808,47.386,93,7,0,0,0,-84.118,-91.903,0,0,0,1,4,0,L,"Pring__",190,93.089,0.485,0,70,W,Y,0,0,0,0,0,0,0,0,0,0,0,0,0,0,0,0,0.244,-38.1,0,"눈꽃",-0.041,-17.862,0,"소솨소솨",-20.717,-50.783,0,"_Gosomi",-7.595,-65.4,0,"HOGGYS 호기스",21.184,-47.063,0,"k@ster",14.546,-64.057,0,"AI",40.9,-90.65,0,"AI",0,-109.84,0,"AI",-40.8,-90.55,0,0,0,0,0,0,"",0,0,0,0,4036.729,,,,0,0
165,8,0,11,6,0,2,2,0,0,0,255,255,255,69,4053.593,"Kr_Luna",L,27,81,132,-0.931,0.775,-0.177,1.912,-0.204,1.952,-36.808,50.161,88,8,3,2,0,-131.001,-143.359,0,0,0,1,4,0,L,"Pring__",190,93.089,0.485,3,70,W,Y,4054.513,255,168,100,110,84,145,130,101.085,32.817,0.59,0,0.455,319.273,-43.391,-26.542,0.321,-37.775,0,"눈꽃",-0.063,-17.872,0,"소솨소솨",-22.569,-52.93,0,"_Gosomi",-9.685,-65.703,0,"HOGGYS 호기스",21.172,-47.058,0,"k@ster",14.543,-64.094,0,"AI",40.9,-90.65,0,"AI",0,-109.84,0,"AI",-40.8,-90.55,0,0,0,0,0,0,"",0,0,0,0,,,,,1,3
166,8,0,11,6,0,2,2,0,0,0,255,255,255,70,4071.519,"Kr_Luna",L,27,88,140,0.521,0.198,-0.118,1.793,0.383,1.628,-36.808,35.854,87,10,4,2,0,-109.364,-112.341,0,0,0,1,4,0,L,"Pring__",190,93.089,0.485,3,70,W,Y,4072.451,219,168,76,107,87,145,121,107.947,52.833,0.76,0,0.565,122.522,137.789,-22.98,0.139,-38.001,0,"눈꽃",-0.034,-17.86,0,"소솨소솨",-22.621,-52.978,0,"_Gosomi",-9.276,-65.756,0,"HOGGYS 호기스",22.325,-48.342,0,"k@ster",14.79,-63.767,0,"AI",40.9,-90.65,0,"AI",0,-109.84,0,"AI",-40.8,-90.55,0,0,0,0,0,0,"",0,0,0,0,,,,,1,3
167,8,0,11,6,0,2,2,0,0,0,255,255,255,71,4086.798,"Kr_Luna",L,14,73,112,-0.376,0.244,-0.079,1.959,0.562,2.167,-36.808,39.165,93,7,0,2,0,-390.434,312.348,0,0,0,1,4,0,L,"Pring__",190,93.089,0.485,3,70,W,Y,4087.768,245,163,61,110,111,138,130,-23.68,5.413,0.46,0,0.729,13.322,181.512,211.401,-0.834,-37.437,0,"눈꽃",-0.019,-17.864,0,"소솨소솨",-22.588,-52.96,0,"_Gosomi",-10.111,-65.989,85,"HOGGYS 호기스",22.75,-50.154,0,"k@ster",14.777,-63.771,0,"AI",40.9,-90.65,0,"AI",0,-109.84,0,"AI",-40.8,-90.55,0,4087.68,-0.135,-23.593,4089.496,3,"_Gosomi",-7.329,-60.193,0,16,,,,,56,2
168,9,1,11,6,0,0,0,0,0,0,255,255,255,95,4129.399,"Pring__",R,32,80,131,-0.258,0.913,0.2,1.494,-0.466,2.039,-36.186,36.374,0,100,0,2,0,250,-174.125,11.064,0,0,1,5,2,R,"소솨소솨",190,80,0.498,3,70,W,Y,4130.46,203,62,69,65,31,141,130,27.488,39.705,0.61,0,0.508,172.768,397.266,-220.526,-0.496,-37.008,0,"Floră",-0.193,-16.944,0,"うよすま",-22.184,-48.711,0,"Ѕeyeon",-18.231,-65.071,0,"yumi2012",23.608,-52.044,0,"ByeolBam",11.973,-65.309,0,"AI",40.9,-90.65,0,"AI",0,-109.84,0,"AI",-40.8,-90.55,0,4135.463,-83.416,-103.776,0,0,"",0,0,0,0,,4141.101,4146.456,,16,4
169,9,1,12,6,0,0,0,0,0,0,255,255,255,96,4169.755,"Pring__",R,32,84,136,-0.336,-0.115,0.107,1.489,-0.433,1.374,-36.186,14.518,29,71,0,0,0,216.062,-200,25.181,0,0,0,0,0,L,"Kr_Luna",190,95.256,0.499,0,70,W,Y,0,0,0,0,0,0,0,0,0,0,0,0,0,0,0,0,-0.216,-37.35,0,"Floră",-0.052,-17.034,0,"うよすま",-19.288,-45.959,0,"Ѕeyeon",-13.978,-66.846,0,"yumi2012",24.525,-51.524,0,"ByeolBam",15.691,-63.343,0,"AI",40.9,-90.65,0,"AI",0,-109.84,0,"AI",-40.8,-90.55,0,0,0,0,0,0,"",0,0,0,0,4170.805,,,,0,0
170,9,1,12,6,0,1,0,0,0,0,255,255,255,97,4187.121,"Pring__",R,13,76,103,-0.911,-0.272,0.295,1.483,0.294,1.886,-36.186,36.373,27,73,0,2,0,-365.589,312.348,1.632,0,0,0,0,0,L,"Kr_Luna",190,95.256,0.499,3,70,W,Y,4188.06,170,78,94,68,47,145,130,19.499,-28.458,0.43,0,0.148,-14.06,-506.668,-273.527,-0.316,-36.567,0,"Floră",-0.04,-17.036,0,"うよすま",-9.936,-34.405,0,"Ѕeyeon",-13.18,-65.02,0,"yumi2012",24.446,-51.45,0,"ByeolBam",9.46,-49.819,0,"AI",40.9,-90.65,0,"AI",0,-109.84,0,"AI",-40.8,-90.55,0,4191.971,61.153,-107.848,4193.354,6,"AI",56.803,-105.134,1,0,,4198.287,,,17,2
171,9,1,12,6,0,0,0,0,1,0,255,0,255,98,4224.554,"Pring__",R,32,76,127,2.624,0.977,0.371,1.476,0.796,2.041,-36.186,47.032,0,100,0,2,0,231.16,-71.201,-2.622,0,0,1,1,5,R,"k@ster",160,95.017,0.646,3,70,W,Y,4225.545,116,144,61,52,23,136,75,0.726,-36.766,-0.84,0,0.198,-82.662,-287.575,54.309,0.063,-37.006,0,"Floră",0.1,-17.042,0,"うよすま",-20.463,-45.613,91,"Ѕeyeon",-12.064,-60.644,0,"yumi2012",23.171,-51.076,0,"ByeolBam",8.387,-59.366,0,"AI",40.9,-90.65,0,"AI",0,-109.84,0,"AI",-40.8,-90.55,0,4226.063,9.357,-30.691,4227.555,4,"yumi2012",19.164,-44.45,1,0,4244.496,4240.86,4234.212,4241.313,60,2
172,9,1,13,6,0,0,0,0,0,1,255,255,5,99,4266.243,"Pring__",R,32,82,133,2.235,0.915,0.333,1.46,0.621,1.952,-36.186,41.117,0,100,0,1,0,250,-200,-0.498,0,0,0,2,4,L,"HOGGYS 호기스",174.5,90,0.45,0,70,W,Y,0,0,0,0,0,0,0,0,0,0,0,0,0,0,0,0,0.094,-37.234,0,"Floră",-0.045,-16.955,0,"うよすま",-19.961,-45.848,0,"Ѕeyeon",-13.02,-67.998,0,"yumi2012",21.647,-45.469,0,"ByeolBam",15.434,-63.903,0,"AI",40.9,-90.65,0,"AI",0,-109.84,0,"AI",-40.8,-90.55,0,0,0,0,0,0,"",0,0,0,0,4267.488,,4268.824,,0,0
173,9,1,13,6,1,0,0,0,0,1,255,255,5,100,4281.005,"Pring__",R,32,82,133,1.003,0.844,0.318,1.448,0.084,1.91,-36.186,38.027,0,100,0,0,0,250,-200,11.791,0,0,1,2,4,L,"HOGGYS 호기스",174.5,90,0.45,0,70,W,Y,0,0,0,0,0,0,0,0,0,0,0,0,0,0,0,0,-0.042,-37.295,0,"Floră",-0.044,-16.941,0,"うよすま",-22.069,-48.543,0,"Ѕeyeon",-12.363,-64.528,0,"yumi2012",20.184,-43.114,0,"ByeolBam",15.43,-63.929,0,"AI",40.9,-90.65,0,"AI",0,-109.84,0,"AI",-40.8,-90.55,0,0,0,0,0,0,"",0,0,0,0,4282.313,,4283.569,,0,0
174,9,1,13,6,1,1,0,0,0,1,255,255,5,101,4297.382,"Pring__",R,13,77,103,-0.552,-0.78,0.438,1.575,0.428,1.652,-36.186,39.713,0,100,0,2,0,-355.607,325.225,6.589,0,0,1,2,4,L,"HOGGYS 호기스",174.5,90,0.45,3,70,W,Y,4298.53,233,75,86,90,93,145,126,-30,-24.941,0.68,0,0.527,13.496,189.092,284.581,-0.138,-36.77,0,"Floră",-0.071,-16.985,0,"うよすま",-21.064,-47.672,86,"Ѕeyeon",-12.939,-64.868,0,"yumi2012",20.816,-45.826,0,"ByeolBam",15.158,-63.807,107,"AI",40.904,-90.654,0,"AI",0,-109.845,0,"AI",-40.804,-90.554,0,4298.421,0.481,-22.149,4300.354,5,"ByeolBam",11.657,-57.68,1,2,4302.663,,,4303.281,58,2
175,9,1,13,6,0,0,1,1,0,0,4,255,255,102,4324.694,"Pring__",R,32,83,135,-1.158,-0.505,0.132,1.426,-0.78,1.128,-36.186,30.675,0,100,0,2,0,201.335,-200,11.31,0,0,1,3,3,R,"_Gosomi",175.2,85.099,0.49,3,70,W,Y,4325.763,202,78,101,107,63,145,90,-19.622,20.7,0.96,0,0.505,35.999,-87.851,8.275,-0.036,-37.035,0,"Floră",-0.228,-17.313,0,"うよすま",-18.862,-42.463,85,"Ѕeyeon",-10.929,-62.136,94,"yumi2012",22.253,-53.081,0,"ByeolBam",11.085,-65.19,0,"AI",40.904,-90.654,0,"AI",0,-109.845,0,"AI",-40.804,-90.554,0,4325.68,-0.92,-21.454,4328.129,3,"Ѕeyeon",-14.187,-55.142,1,0,,,,,27,2
176,9,1,13,6,0,0,2,1,0,0,3,255,255,103,4350.051,"Pring__",R,32,74,126,2.288,0.533,0.453,1.626,0.709,1.819,-36.186,56.408,0,100,0,2,0,186.021,-136.423,0.144,0,0,1,4,1,L,"눈꽃",190,80,0.497,3,70,W,Y,4351.165,255,102,75,107,35,145,104,28.205,-20.301,0.92,0,0.418,324.179,-1.039,-121.999,0.061,-36.852,0,"Floră",-0.004,-16.971,0,"うよすま",-19.496,-43.536,0,"Ѕeyeon",-12.281,-64.812,0,"yumi2012",24.301,-49.587,0,"ByeolBam",15.04,-63.967,0,"AI",40.904,-90.654,0,"AI",0,-109.845,0,"AI",-40.804,-90.554,0,4355.955,32.305,-102.738,0,0,"",0,0,0,0,,4356.101,,,1,1
177,9,0,13,6,0,0,0,0,0,0,255,255,255,72,4395.843,"Kr_Luna",L,28,89,140,1.674,0.331,-0.023,1.823,0.825,1.725,-36.808,32.458,91,5,3,2,0,-68.028,-97.325,0,0,0,1,5,1,R,"Floră",190,85,0.404,3,70,W,Y,4397.215,199,107,100,35,11,145,91,96.414,-73.322,-0.77,0,0.479,-267.308,-17.448,-28.003,0.181,-38.161,0,"눈꽃",-0.034,-17.682,0,"소솨소솨",-20.095,-46.765,0,"_Gosomi",-16.519,-60.06,0,"HOGGYS 호기스",22.642,-49.69,0,"k@ster",10.605,-65.868,0,"AI",40.9,-90.65,0,"AI",0,-109.84,0,"AI",-40.8,-90.55,0,0,0,0,0,0,"",0,0,0,0,,,,,1,3
178,9,0,13,6,0,1,0,0,0,0,255,255,255,73,4410.84,"Kr_Luna",L,26,92,140,1.918,-0.089,0,1.723,0.932,1.401,-36.808,21.72,95,5,0,2,0,-69.134,-165.943,0,0,0,1,5,1,R,"Floră",190,85,0.404,3,91,W,Y,4412.071,175,117,127,105,73,145,94,64.119,41.123,-0.65,0,0.569,196.487,284.147,-50.286,0.207,-37.98,0,"눈꽃",-0.029,-17.702,0,"소솨소솨",-20.318,-45.626,0,"_Gosomi",-16.028,-62.319,86,"HOGGYS 호기스",21.461,-50.453,0,"k@ster",10.734,-65.787,0,"AI",40.9,-90.65,0,"AI",0,-109.84,0,"AI",-40.8,-90.55,0,4418.08,-39.571,-57.585,4418.413,3,"_Gosomi",-39.034,-57.123,0,0,,,,,9,1
179,9,0,13,6,0,0,1,0,0,0,255,255,255,74,4440.544,"Kr_Luna",L,27,90,140,1.079,-0.147,-0.078,1.733,0.569,1.408,-36.808,29.535,92,6,2,2,0,-69.432,-104.453,0,0,0,1,0,3,R,"Ѕeyeon",170.6,85,0.35,3,70,W,Y,4441.499,246,98,124,74,38,145,92,19.399,-13.675,-0.37,0,0.556,100.138,-2.528,112.853,0.21,-37.972,0,"눈꽃",-0.016,-17.671,0,"소솨소솨",-19.865,-46.648,0,"_Gosomi",-15.391,-63.274,85,"HOGGYS 호기스",22.501,-50.543,0,"k@ster",10.333,-66.257,0,"AI",40.9,-90.65,0,"AI",0,-109.84,0,"AI",-40.8,-90.55,0,4445.171,16.916,-89.772,4448.213,7,"AI",22.371,-115.303,1,0,,4450.892,,,9,2
180,9,0,13,6,0,0,1,0,1,0,255,13,255,75,4471.382,"Kr_Luna",L,27,83,135,4.12,0.044,-0.072,1.822,0.595,1.729,-36.808,32.352,88,8,4,2,0,-82.616,-129.718,0,0,0,1,1,5,R,"ByeolBam",175,90,0.5,3,70,W,Y,4472.296,255,89,110,100,41,145,86,43.547,23.2,-0.77,0,0.325,183.848,392.511,153.368,0.188,-38.139,0,"눈꽃",-0.031,-17.657,0,"소솨소솨",-20.185,-46.272,0,"_Gosomi",-14.593,-61.057,0,"HOGGYS 호기스",22.48,-49.793,0,"k@ster",10.233,-66.209,54,"AI",40.9,-90.65,0,"AI",0,-109.84,0,"AI",-40.8,-90.55,0,4477.296,-31.598,-75.494,4481.004,5,"k@ster",-2.227,-60.27,0,0,,4479.466,,,3,1
181,9,0,13,6,0,0,2,0,1,0,255,13,255,76,4508.821,"Kr_Luna",L,33,81,118,-0.741,1.2,-0.193,2.03,-0.119,2.15,-36.808,53.631,85,12,2,1,0,-114.721,-112.575,0,0,0,0,2,4,R,"yumi2012",174.1,85,0.5,0,70,W,Y,0,0,0,0,0,0,0,0,0,0,0,0,0,0,0,0,0.147,-38.205,0,"눈꽃",-0.128,-17.67,0,"소솨소솨",-19.595,-45.172,0,"_Gosomi",-16.939,-60.762,0,"HOGGYS 호기스",21.03,-43.488,0,"k@ster",9.926,-66.162,0,"AI",40.9,-90.65,0,"AI",0,-109.84,0,"AI",-40.8,-90.55,0,0,0,0,0,0,"",0,0,0,0,4510.213,4511.992,,,0,0
182,9,0,13,6,1,0,2,0,1,0,255,13,255,77,4527.65,"Kr_Luna",L,27,81,118,-0.121,1.017,-0.153,1.953,0.145,2.013,-36.808,41.33,89,10,1,0,0,-112.063,-142.501,0,0,0,0,2,4,R,"yumi2012",174.1,85,0.5,0,70,W,Y,0,0,0,0,0,0,0,0,0,0,0,0,0,0,0,0,0.095,-38.222,0,"눈꽃",-0.025,-17.699,0,"소솨소솨",-20.478,-46.25,0,"_Gosomi",-12.462,-62.041,0,"HOGGYS 호기스",20.549,-45.857,0,"k@ster",6.375,-62.3,0,"AI",40.9,-90.65,0,"AI",0,-109.84,0,"AI",-40.8,-90.55,0,0,0,0,0,0,"",0,0,0,0,4529.046,4531.327,,,0,0
183,9,0,13,6,1,1,2,0,1,0,255,13,255,78,4545.591,"Kr_Luna",L,27,85,121,1.461,-0.724,0.03,1.679,0.714,1.366,-36.808,17.323,89,11,0,2,0,-57.418,-118.435,0,0,0,1,2,4,R,"yumi2012",174.1,85,0.5,3,70,W,Y,4546.756,255,76,55,51,28,137,108,28.524,5.45,0.15,0,0.308,353.672,-185.003,444.293,0.242,-38.15,0,"눈꽃",-0.047,-17.7,0,"소솨소솨",-20.228,-45.605,0,"_Gosomi",-14.999,-61.828,0,"HOGGYS 호기스",20.591,-45.889,0,"k@ster",8.583,-65.47,0,"AI",40.9,-90.65,0,"AI",0,-109.84,0,"AI",-40.8,-90.55,0,4551.796,-7.086,-113.463,0,0,"",0,0,0,0,,,4551.622,,0,1
