id,inn,half,scoreA,scoreB,ball,strk,out,b1,b2,b3,b1Idx,b2Idx,b3Idx,pCnt,pSec,pName,pHand,pType,pPow,spdK,zoneX,zoneY,startX,startY,targetX,targetY,zDist,pitchAngle,pOver,pSide,pUnder,call,balk,sH,sV,gyro,plx,plz,bSwing,bIdx,bPos,bZone,bName,bHCm,batLen,batCen,batType,bFps,bOS,bVR,hSec,rotS,rotL,shS,lgS,prepS,batSpd,ev,ldeg,sdeg,hPos,buntGrip,handDist,angVeloX,angVeloY,angVeloZ,PPosX,PPosY,PThrSpd,CName,CPosX,CPosY,CThrSpd,1BName,1BPosX,1BPosY,1BThrSpd,2BName,2BPosX,2BPosY,2BThrSpd,3BName,3BPosX,3BPosY,3BThrSpd,SSName,SSPosX,SSPosY,SSThrSpd,LFName,LFPosX,LFPosY,LFThrSpd,CFName,CFPosX,CFPosY,CFThrSpd,RFName,RFPosX,RFPosY,RFThrSpd,ltSec,lx,lz,cSec,cPos,cPlr,cx,cz,1BSafe,tag,cpSec,sb2Sec,sb3Sec,sbhSec,ass,result
1,1,1,0,0,0,0,0,0,0,0,255,255,255,0,339.31,"Penguin_iDOL",R,14,86,110,-4.428,-0.074,-0.254,2.037,-2.46,1.883,-36.493,31.242,86,14,0,4,0,390.434,312.348,28.973,0,0,1,0,4,R,"Yaksok~",173.3,80,0.332,0,61,W,Y,0,0,0,0,0,0,0,0,0,0,0,0,0,0,0,0,-0.173,-37.566,0,"HANA_ARASHI",-0.254,-17.183,0,"Kr_Luna",-18.362,-49.313,0,"아침땅_",-14.68,-64.046,0,"시즈카_Shizuka",24.541,-52.415,0,"눈꽃",9.218,-66.152,0,"YukihiroD",42.513,-96.865,0,"Gonyong",-14.144,-113.735,0,"SUGUN",-46.292,-90.688,0,0,0,0,0,0,"",0,0,0,0,340.738,,,,0,0
2,1,1,0,0,0,1,0,0,0,0,255,255,255,1,358.878,"Penguin_iDOL",R,13,86,110,-2.565,-1.545,0.027,1.592,-0.537,1.269,-36.493,11.76,48,52,0,4,0,-318.058,385.797,9.321,-0.629,-18.097,1,0,4,R,"Yaksok~",173.3,80,0.332,0,61,W,Y,0,0,0,0,0,0,0,0,0,0,0,0,0,0,0,0,0.258,-37.571,0,"HANA_ARASHI",-0.14,-17.204,0,"Kr_Luna",-19.061,-48.623,0,"아침땅_",-16.136,-63.016,0,"시즈카_Shizuka",22.892,-51.408,0,"눈꽃",9.239,-66.265,0,"YukihiroD",40.788,-95.533,0,"Gonyong",-14.117,-112.015,0,"SUGUN",-45.835,-91.722,0,0,0,0,0,0,"",0,0,0,0,360.388,,,,0,0
3,1,1,0,0,0,2,0,0,0,0,255,255,255,2,377.638,"Penguin_iDOL",R,3,82,108,-3.066,-0.921,0.031,1.537,-0.523,1.14,-36.493,13.177,56,44,0,4,0,-435.776,35.713,-1.635,0,0,1,0,4,R,"Yaksok~",173.3,80,0.332,0,53,W,Y,0,0,0,0,0,0,0,0,0,0,0,0,0,0,0,0,0.039,-37.659,0,"HANA_ARASHI",-0.282,-17.245,0,"Kr_Luna",-19.04,-48.595,0,"아침땅_",-16.136,-63,0,"시즈카_Shizuka",23.234,-51.796,0,"눈꽃",8.856,-66.234,0,"YukihiroD",40.506,-95.651,0,"Gonyong",-13.921,-105.892,0,"SUGUN",-45.862,-91.655,0,0,0,0,0,0,"",0,0,0,0,379.088,,,,0,0
4,1,1,0,0,0,0,1,0,0,0,255,255,255,3,400.365,"Penguin_iDOL",R,26,90,140,-1.034,0.735,0.11,1.832,-0.419,1.906,-36.493,24.336,77,23,0,0,0,-32.061,-187.793,22.902,0,0,0,1,1,L,"_Chun",190,80,0.455,0,54,W,Y,0,0,0,0,0,0,0,0,0,0,0,0,0,0,0,0,-0.083,-37.546,0,"HANA_ARASHI",-0.122,-17.229,0,"Kr_Luna",-16.462,-51.697,0,"아침땅_",-12.661,-65.03,0,"시즈카_Shizuka",23.807,-52.617,0,"눈꽃",14.734,-63.91,0,"YukihiroD",42.317,-97.013,0,"Gonyong",-0.98,-117.886,0,"SUGUN",-46.108,-91.604,0,0,0,0,0,0,"",0,0,0,0,401.672,,,,0,0
5,1,1,0,0,0,1,1,0,0,0,255,255,255,4,418.867,"Penguin_iDOL",R,10,86,128,-0.703,-0.115,0.133,1.842,-0.31,1.937,-36.493,24.245,80,20,0,0,0,0,400,34.001,0,0,0,1,1,L,"_Chun",190,80,0.455,0,54,W,Y,0,0,0,0,0,0,0,0,0,0,0,0,0,0,0,0,0.135,-37.565,0,"HANA_ARASHI",-0.138,-17.259,0,"Kr_Luna",-16.65,-51.857,0,"아침땅_",-11.91,-65.282,0,"시즈카_Shizuka",25.043,-51.227,0,"눈꽃",14.536,-64.025,0,"YukihiroD",42.25,-97.237,0,"Gonyong",3.248,-117.379,0,"SUGUN",-46.06,-91.597,0,0,0,0,0,0,"",0,0,0,0,420.297,,,,0,0
6,1,1,0,0,0,2,1,0,0,0,255,255,255,5,434.61,"Penguin_iDOL",R,14,94,115,2.279,-1.228,0.262,1.782,0.367,1.255,-36.493,23.977,91,9,0,2,0,358.411,348.628,17.133,0,0,1,1,1,L,"_Chun",190,80,0.455,3,54,W,Y,435.656,250,89,73,74,46,145,123,31.762,-42.917,0.74,0,0.357,78.139,-207.809,101.618,0.107,-36.911,0,"HANA_ARASHI",0.005,-17.321,0,"Kr_Luna",-18.254,-50.87,0,"아침땅_",-11.489,-65.27,0,"시즈카_Shizuka",25.25,-51.642,0,"눈꽃",14.658,-64.068,0,"YukihiroD",42.399,-97.152,0,"Gonyong",3.316,-117.347,0,"SUGUN",-45.973,-91.222,0,440.855,72.625,-91.243,0,0,"",0,0,0,0,,,,,0,3
7,1,1,0,0,0,2,1,0,0,0,255,255,255,6,459.246,"Penguin_iDOL",R,26,89,140,-1.662,1.09,0.069,1.898,-0.608,2.118,-36.493,26.811,77,23,0,4,0,-93.714,-200,35.921,0,0,1,1,1,L,"_Chun",190,80,0.455,0,90,W,Y,0,0,0,0,0,0,0,0,0,0,0,0,0,0,0,0,-0.21,-37.485,0,"HANA_ARASHI",-0.152,-17.243,0,"Kr_Luna",-18.504,-50.659,0,"아침땅_",-13.066,-64.966,0,"시즈카_Shizuka",25.099,-50.516,0,"눈꽃",15.636,-63.301,0,"YukihiroD",51.608,-98.891,0,"Gonyong",3.612,-116.969,0,"SUGUN",-46.447,-91.421,0,0,0,0,0,0,"",0,0,0,0,460.572,,,,0,0
8,1,1,0,0,0,0,2,0,0,0,255,255,255,7,482.595,"Penguin_iDOL",R,14,81,106,-2.04,0.959,0.138,2.044,-0.061,2.291,-36.493,37.6,84,16,0,2,0,372.831,316.715,5.551,0,0,1,2,8,R,"소솨소솨",190,80,0.498,3,58,W,Y,483.774,255,102,59,73,36,137,96,21.921,21.2,-0.32,0,0.522,560.515,-179.985,-4.486,-0.012,-37.071,0,"HANA_ARASHI",-0.059,-17.298,0,"Kr_Luna",-19.577,-47.524,0,"아침땅_",-16.232,-62.86,0,"시즈카_Shizuka",23.174,-51.758,0,"눈꽃",10.189,-65.858,0,"YukihiroD",35.662,-97.113,0,"Gonyong",-8.974,-113.976,0,"SUGUN",-46.529,-91.247,0,489.03,-29.001,-102.621,489.663,5,"ddil_ddil69",-28.856,-102.135,0,0,520.963,,,,258,1
9,1,0,0,0,0,0,0,0,0,0,255,255,255,0,593.838,"Riyaj",R,13,82,120,-3.697,-2.166,-0.038,1.697,-1.105,0.855,-36.788,14.093,41,59,0,1,0,-296.671,400,6.475,-0.758,-19.318,0,0,7,R,"Gonyong",175,85,0.2,0,62,W,Y,0,0,0,0,0,0,0,0,0,0,0,0,0,0,0,0,0.169,-37.581,0,"_Chun",-0.105,-17.838,0,"_Gosomi",-20.743,-46.431,0,"ゆっち一",-15.278,-63.814,0,"Yaksok~",19.566,-51.851,0,"ddil_ddil69",13.136,-64.816,0,"k@ster",42.971,-105.145,0,"うよすま",-2.749,-114.412,0,"소솨소솨",-40.502,-95.488,0,0,0,0,0,0,"",0,0,0,0,595.73,,,,0,0
10,1,0,0,0,0,1,0,0,0,0,255,255,255,1,608.744,"Riyaj",R,10,69,99,-1.197,-1.022,0.034,1.939,-0.516,1.69,-36.788,22.427,60,40,0,2,0,0,400,5.27,0,0,0,0,7,R,"Gonyong",175,85,0.2,3,62,W,Y,610.269,175,137,155,95,42,145,117,-7.866,19.359,0.81,0,0.175,-322.864,364.611,54.435,-0.11,-37.57,0,"_Chun",-0.074,-18.081,0,"_Gosomi",-21.142,-46.885,90,"ゆっち一",-15.25,-63.706,92,"Yaksok~",19.716,-51.976,0,"ddil_ddil69",13.059,-64.684,0,"k@ster",37.941,-100.686,0,"うよすま",-5.104,-112.042,0,"소솨소솨",-39.911,-95.452,0,610.438,-1.43,-23.451,612.097,3,"ゆっち一",-13.46,-57.755,0,0,,,,,328,2
11,1,0,0,0,0,0,1,0,0,0,255,255,255,2,632.714,"Riyaj",R,11,67,101,1.364,-0.67,0.388,1.887,0.583,1.567,-36.788,34.422,60,40,0,2,0,0,244.13,-1.484,0,0,1,1,6,R,"YukihiroD",174.3,80,0.4,3,62,W,Y,633.981,255,97,70,71,36,144,126,-24.044,-42.642,0.39,0,0.602,-454.191,75.233,265.317,0.15,-37.386,0,"_Chun",0.015,-17.899,0,"_Gosomi",-20.974,-46.331,0,"ゆっち一",-15.6,-63.563,0,"Yaksok~",19.569,-49.515,0,"ddil_ddil69",12.861,-64.67,85,"k@ster",35.214,-104.98,90,"うよすま",-5.779,-115.107,0,"소솨소솨",-40.291,-94.307,0,634.155,1.703,-22.342,640.638,6,"k@ster",66.811,-98.63,1,0,,643.763,,,416,2
12,1,0,0,0,0,0,1,0,1,0,255,16,255,3,662.582,"Riyaj",R,13,84,124,-2.878,-1.453,-0.008,1.779,-0.968,1.144,-36.788,7.404,44,56,0,1,0,-218.28,400,25.122,-0.672,-17.797,0,2,5,L,"눈꽃",175,80,0.497,0,62,W,Y,0,0,0,0,0,0,0,0,0,0,0,0,0,0,0,0,-0.007,-37.533,0,"_Chun",-0.018,-17.587,0,"_Gosomi",-18.897,-47.625,0,"ゆっち一",-8.648,-65.297,0,"Yaksok~",18.872,-47.912,0,"ddil_ddil69",15.685,-62.712,0,"k@ster",45.39,-104.528,0,"うよすま",0.873,-117.597,0,"소솨소솨",-35.59,-93.492,0,0,0,0,0,0,"",0,0,0,0,664.463,665.663,,,0,0
13,1,0,0,0,1,0,1,0,1,0,255,16,255,4,677.044,"Riyaj",R,26,87,140,-3.239,-0.51,0.013,1.795,-0.872,1.2,-36.788,5.85,48,52,0,2,0,86.063,-163.554,1.558,0,0,1,2,5,L,"눈꽃",175,80,0.497,3,62,W,Y,678.214,255,90,63,71,30,139,94,3.914,-5.088,-0.17,0,0.368,5.298,-470.022,-321.43,0.051,-37.211,0,"_Chun",-0.125,-17.615,107,"_Gosomi",-20.675,-47.294,0,"ゆっち一",-10.044,-64.567,0,"Yaksok~",19.188,-48.203,0,"ddil_ddil69",15.736,-62.731,0,"k@ster",45.382,-105.173,0,"うよすま",2.957,-116.584,115,"소솨소솨",-34.51,-94.511,0,679.438,3.004,-46.299,683.38,7,"うよすま",13.367,-95.371,1,0,688.447,688.807,683.733,688.47,274,2
14,1,0,0,1,0,0,1,0,1,0,255,15,255,5,708.005,"Riyaj",R,28,80,130,-2.448,-1.864,-0.04,1.57,-1.116,0.413,-36.788,14.621,51,49,0,1,0,37.741,-94.949,3.698,0,0,0,3,4,R,"시즈카_Shizuka",175.3,85.33,0.496,0,62,W,Y,0,0,0,0,0,0,0,0,0,0,0,0,0,0,0,0,-0.013,-37.726,0,"_Chun",0.005,-17.719,0,"_Gosomi",-22.843,-47.705,0,"ゆっち一",-12.769,-64.495,0,"Yaksok~",18.386,-46.794,0,"ddil_ddil69",9.707,-63.646,0,"k@ster",37.366,-99.666,0,"うよすま",-2.339,-114.347,0,"소솨소솨",-40.165,-90.388,0,0,0,0,0,0,"",0,0,0,0,709.588,710.423,,,0,0
15,1,0,0,1,1,0,1,0,1,0,255,15,255,6,720.95,"Riyaj",R,10,70,112,15.334,32.728,0.283,2.009,0.386,1.955,-36.788,33.223,96,4,0,2,0,0,398.687,3.122,0,0,1,3,4,R,"시즈카_Shizuka",175.3,85.33,0.496,3,62,W,Y,722.156,255,89,79,94,61,145,127,-30,-34.314,0.43,0,0.512,-145.431,-295.587,-232.295,-0.021,-37.474,0,"_Chun",-0.008,-17.862,0,"_Gosomi",-22.167,-48.028,0,"ゆっち一",-13.164,-63.794,0,"Yaksok~",17.777,-46.857,106,"ddil_ddil69",12.371,-64.884,0,"k@ster",37.382,-99.701,0,"うよすま",-2.244,-106.592,0,"소솨소솨",-37.112,-89.713,0,722.255,0.381,-20.72,723.597,4,"Yaksok~",16.533,-44.335,1,0,,,729.999,,321,2
16,1,0,0,1,0,0,1,1,0,1,14,255,15,7,749.464,"Riyaj",R,0,65,118,0.608,1.39,0.255,2.119,0.257,2.363,-36.788,40.734,94,6,0,1,0,-0.034,0,1.653,0,0,0,4,9,L,"하루（Haru）",169.7,85.172,0.403,0,62,W,Y,0,0,0,0,0,0,0,0,0,0,0,0,0,0,0,0,0.157,-37.664,0,"_Chun",0.044,-17.489,0,"_Gosomi",-21.577,-47.734,0,"ゆっち一",-8.126,-65.969,0,"Yaksok~",18.844,-47.257,0,"ddil_ddil69",15.998,-62.506,0,"k@ster",44.415,-96.059,0,"うよすま",6.086,-111.966,0,"소솨소솨",-32.651,-89.177,0,0,0,0,0,0,"",0,0,0,0,751.163,,751.896,,0,0
17,1,0,0,1,1,0,1,1,0,1,14,255,15,8,762.891,"Riyaj",R,10,80,109,-1.851,-2.414,-0.059,1.57,-0.804,0.798,-36.788,15.896,42,58,0,1,0,0,361.024,3.828,-0.354,-19.772,0,4,9,L,"하루（Haru）",169.7,85.172,0.403,0,62,W,Y,0,0,0,0,0,0,0,0,0,0,0,0,0,0,0,0,0.144,-37.904,0,"_Chun",0.194,-17.431,0,"_Gosomi",-20.59,-42.792,0,"ゆっち一",-5.113,-64.395,0,"Yaksok~",19.264,-43.276,0,"ddil_ddil69",16.045,-62.535,0,"k@ster",45.194,-97.015,0,"うよすま",6.597,-109.71,0,"소솨소솨",-29.824,-82.224,0,0,0,0,0,0,"",0,0,0,0,764.647,,765.491,,0,0
18,1,0,0,1,2,0,1,1,0,1,14,255,15,9,777.233,"Riyaj",R,13,72,100,-0.686,-0.332,0.263,2.107,0.195,2.097,-36.788,43.896,87,13,0,2,0,-233.285,400,4.231,0,0,1,4,9,L,"하루（Haru）",169.7,85.172,0.403,3,62,W,Y,778.584,111,187,58,68,49,135,114,109.169,-65.578,0.72,0,0.236,-261.096,-40.056,96.441,-0.02,-37.44,0,"_Chun",-0.011,-17.725,0,"_Gosomi",-20.828,-45.757,0,"ゆっち一",-8.484,-63.585,0,"Yaksok~",18.492,-45.016,0,"ddil_ddil69",16.066,-62.571,0,"k@ster",45.341,-97.223,0,"うよすま",8.718,-107.977,0,"소솨소솨",-29.836,-82.237,0,0,0,0,0,0,"",0,0,0,0,,,780.89,,256,3
19,1,0,0,1,2,1,1,1,0,1,14,255,15,10,796.466,"Riyaj",R,27,77,128,2.246,1.664,0.388,2.127,0.876,2.392,-36.788,46.96,89,11,0,1,0,58.363,-112.61,-2.156,0,0,0,4,9,L,"하루（Haru）",169.7,85.172,0.403,0,33,W,Y,0,0,0,0,0,0,0,0,0,0,0,0,0,0,0,0,0.132,-37.628,0,"_Chun",0.092,-17.385,0,"_Gosomi",-19.63,-45.435,0,"ゆっち一",-8.03,-58.41,0,"Yaksok~",18.223,-44.919,0,"ddil_ddil69",15.025,-62.983,0,"k@ster",44.945,-98.707,0,"うよすま",5.816,-110.343,0,"소솨소솨",-29.926,-81.565,0,0,0,0,0,0,"",0,0,0,0,798.13,,798.992,,0,0
20,1,0,0,1,3,1,1,1,0,1,14,255,15,11,811.084,"Riyaj",R,10,74,115,0.073,-1.364,0.206,1.851,0.026,1.39,-36.788,24.742,54,46,0,1,0,0,400,-1.333,0,0,0,4,9,L,"하루（Haru）",169.7,85.172,0.403,0,33,W,Y,0,0,0,0,0,0,0,0,0,0,0,0,0,0,0,0,-0.063,-37.558,0,"_Chun",0.037,-17.459,0,"_Gosomi",-20.064,-47.076,0,"ゆっち一",-5.544,-59.901,0,"Yaksok~",18.678,-44.693,0,"ddil_ddil69",14.984,-63.026,0,"k@ster",44.943,-98.719,0,"うよすま",6.638,-109.13,0,"소솨소솨",-30.632,-81.22,0,0,0,0,0,0,"",0,0,0,0,812.822,820.391,813.65,,0,5
21,1,0,0,1,0,0,1,1,1,1,19,14,15,12,832.881,"Riyaj",R,10,71,101,-1.31,-1.011,0.016,1.852,-0.57,1.499,-36.788,17.098,56,44,0,4,0,0,400,8.75,0,0,0,5,2,L,"Kr_Luna",190,95.256,0.499,0,63,W,Y,0,0,0,0,0,0,0,0,0,0,0,0,0,0,0,0,0.007,-37.725,0,"_Chun",0.032,-17.428,0,"_Gosomi",-19.135,-46.912,0,"ゆっち一",-6.149,-62.038,0,"Yaksok~",19.75,-46.349,0,"ddil_ddil69",14.189,-61.748,0,"k@ster",49.488,-101.832,0,"うよすま",20.491,-121.992,0,"소솨소솨",-37.411,-86.178,0,0,0,0,0,0,"",0,0,0,0,834.347,,835.611,,0,0
22,1,0,0,1,0,1,1,1,1,1,19,14,15,13,847.631,"Riyaj",R,0,66,105,0.449,-1.721,0.261,1.419,0.188,0.563,-36.788,29.721,45,55,0,1,0,0,14.119,0.193,0,0,0,5,2,L,"Kr_Luna",190,95.256,0.499,0,63,W,Y,0,0,0,0,0,0,0,0,0,0,0,0,0,0,0,0,0.074,-37.665,0,"_Chun",1.099,-17.6,0,"_Gosomi",-19.385,-47.037,0,"ゆっち一",-5.131,-61.605,0,"Yaksok~",20.608,-44.672,0,"ddil_ddil69",15.969,-63.128,0,"k@ster",49.43,-101.732,0,"うよすま",19.616,-123.832,0,"소솨소솨",-32.524,-84.527,0,0,0,0,0,0,"",0,0,0,0,849.047,849.342,850.303,,0,0
23,1,0,0,1,1,1,1,1,1,1,19,14,15,14,861.76,"Riyaj",R,10,78,106,1.308,-1.541,0.38,1.718,0.559,1.209,-36.788,27.082,60,40,0,2,0,0,400,0.986,0,0,0,5,2,L,"Kr_Luna",190,95.256,0.499,3,63,W,Y,862.738,112,106,81,107,67,137,106,-11.979,-45.693,0.92,0,0.137,-37.16,-43.269,-12.23,0.042,-37.275,0,"_Chun",-0.031,-17.453,0,"_Gosomi",-20.325,-46.308,0,"ゆっち一",-6.447,-62.312,0,"Yaksok~",19.065,-45.716,0,"ddil_ddil69",15.979,-63.182,0,"k@ster",49.492,-101.806,0,"うよすま",19.415,-122.295,0,"소솨소솨",-33.475,-83.721,0,862.813,1.451,-20.896,0,0,"",0,0,0,0,,867.314,866.79,,256,3
24,1,0,0,1,1,2,1,1,1,1,19,14,15,15,879.321,"Riyaj",R,26,82,134,-0.192,1.605,0.151,2.081,-0.228,2.44,-36.788,40.457,85,15,0,2,0,94.815,-181.078,-0.122,0,0,0,5,2,L,"Kr_Luna",190,95.256,0.499,3,64,W,Y,880.2,187,94,128,63,19,145,112,96.745,74.136,0.87,0,0.096,514.408,-76.182,62.691,-0.136,-37.191,0,"_Chun",0.006,-17.634,0,"_Gosomi",-21.986,-48.001,0,"ゆっち一",-5.76,-61.873,0,"Yaksok~",19.414,-47.313,0,"ddil_ddil69",16.065,-63.135,0,"k@ster",51.191,-101.453,0,"うよすま",19.883,-123.019,0,"소솨소솨",-33.688,-83.577,0,0,0,0,0,0,"",0,0,0,0,,883.966,882.742,,256,3
25,1,0,0,1,1,2,1,1,1,1,19,14,15,16,896.125,"Riyaj",R,0,68,107,0.594,-1.513,0.281,1.391,0.25,0.688,-36.788,25.398,51,49,0,1,0,0,9.578,1.647,0,0,0,5,2,L,"Kr_Luna",190,95.256,0.499,0,64,W,Y,0,0,0,0,0,0,0,0,0,0,0,0,0,0,0,0,0.13,-37.562,0,"_Chun",0.08,-17.687,0,"_Gosomi",-21.49,-48.078,0,"ゆっち一",-2.567,-60.172,0,"Yaksok~",20.366,-44.831,0,"ddil_ddil69",15.78,-62.932,0,"k@ster",45.66,-99.002,0,"うよすま",20.735,-122.97,0,"소솨소솨",-33.263,-82.939,0,0,0,0,0,0,"",0,0,0,0,897.613,898.851,898.46,,0,0
26,1,0,0,1,2,2,1,1,1,1,19,14,15,17,909.253,"Riyaj",R,27,86,139,-2.959,-0.294,-0.094,1.73,-1.367,1.303,-36.788,8.704,50,50,0,1,0,57.385,-130.29,4.803,0,0,0,5,2,L,"Kr_Luna",190,95.256,0.499,0,64,W,Y,0,0,0,0,0,0,0,0,0,0,0,0,0,0,0,0,-0.135,-37.554,0,"_Chun",-0.058,-17.567,0,"_Gosomi",-21.667,-45.456,0,"ゆっち一",-4.888,-61.305,0,"Yaksok~",19.774,-45.021,0,"ddil_ddil69",15.821,-62.962,0,"k@ster",46.628,-99.713,0,"うよすま",18.366,-121.696,0,"소솨소솨",-33.06,-83.082,0,0,0,0,0,0,"",0,0,0,0,910.53,911.202,912.324,,0,0
27,1,0,0,1,3,2,1,1,1,1,19,14,15,18,923.275,"Riyaj",R,26,91,140,-2.099,-0.268,-0.007,1.728,-0.965,1.295,-36.788,7.24,53,47,0,1,0,36.101,-159.839,11.33,0,0,0,5,2,L,"Kr_Luna",190,95.256,0.499,0,65,W,Y,0,0,0,0,0,0,0,0,0,0,0,0,0,0,0,0,0.143,-37.628,0,"_Chun",0.251,-17.556,0,"_Gosomi",-21.724,-47.713,0,"ゆっち一",-3.429,-61.268,0,"Yaksok~",19.425,-44.407,0,"ddil_ddil69",15.738,-62.927,0,"k@ster",45.374,-98.996,0,"うよすま",17.689,-121.379,0,"소솨소솨",-33.077,-83.095,0,0,0,0,0,0,"",0,0,0,0,924.58,925.402,932.398,930.869,0,5
28,1,0,0,2,0,0,1,1,1,1,12,19,14,19,946.659,"Riyaj",R,27,90,140,-0.76,-1.738,0.117,1.58,-0.386,0.468,-36.788,12.574,56,44,0,2,0,41.855,-102.285,-0.074,0,0,1,6,8,R,"SUGUN",180,82.092,0.496,3,65,W,Y,947.842,238,104,93,79,28,145,115,-9.789,31.641,0.87,0,0.44,-5.155,117.519,180.068,0.08,-37.562,0,"_Chun",-0.112,-17.819,120,"_Gosomi",-21.22,-47.173,0,"ゆっち一",-13.755,-64.5,0,"Yaksok~",17.925,-46.25,0,"ddil_ddil69",15.722,-62.966,0,"k@ster",41.501,-102.091,0,"うよすま",-5.641,-114.175,0,"소솨소솨",-39.578,-94.167,0,947.972,-1.238,-21.696,949.43,2,"_Gosomi",-17.13,-44.976,0,8,952.93,952.602,952.296,953.274,67,2
29,2,1,0,2,0,0,0,0,0,0,255,255,255,8,1002.27,"Penguin_iDOL",R,14,82,120,1.795,-1.399,0.264,1.788,0.296,1.089,-36.493,22.579,91,9,0,1,0,362.306,344.579,23.313,0.439,-17.644,0,3,3,L,"ゆっち一",180.9,83.623,0.399,0,67,W,Y,0,0,0,0,0,0,0,0,0,0,0,0,0,0,0,0,-0.038,-37.51,0,"HANA_ARASHI",0.053,-17.209,0,"Kr_Luna",-17.669,-48.375,0,"아침땅_",-10.857,-65.602,0,"시즈카_Shizuka",22.042,-51.91,0,"눈꽃",14.947,-63.758,0,"YukihiroD",44.438,-104.227,0,"Gonyong",8.869,-114.557,0,"SUGUN",-44.171,-92.451,0,0,0,0,0,0,"",0,0,0,0,1003.722,,,,0,0
30,2,1,0,2,1,0,0,0,0,0,255,255,255,9,1020.25,"Penguin_iDOL",R,14,82,107,-0.962,0.365,-0.153,2.201,-1.131,2.252,-36.493,44.307,82,18,0,0,0,379.786,312.348,11.263,0,0,0,3,3,L,"ゆっち一",180.9,83.623,0.399,0,67,W,Y,0,0,0,0,0,0,0,0,0,0,0,0,0,0,0,0,0.02,-37.387,0,"HANA_ARASHI",-0.14,-17.107,0,"Kr_Luna",-17.636,-48.459,0,"아침땅_",-12.519,-64.999,0,"시즈카_Shizuka",24.082,-51.768,0,"눈꽃",15.021,-63.886,0,"YukihiroD",44.257,-104.325,0,"Gonyong",5.504,-114.666,0,"SUGUN",-44.046,-92.41,0,0,0,0,0,0,"",0,0,0,0,1021.872,,,,0,0
31,2,1,0,2,1,1,0,0,0,0,255,255,255,10,1040.083,"Penguin_iDOL",R,10,80,119,-0.315,-1.207,0.217,1.906,-0.143,1.354,-36.493,37.517,70,27,2,1,0,0,400,26.452,0,0,0,3,3,L,"ゆっち一",180.9,83.623,0.399,0,67,W,Y,0,0,0,0,0,0,0,0,0,0,0,0,0,0,0,0,0.145,-37.538,0,"HANA_ARASHI",-0.083,-17.086,0,"Kr_Luna",-17.554,-48.612,0,"아침땅_",-12.683,-64.977,0,"시즈카_Shizuka",24.095,-51.858,0,"눈꽃",14.975,-63.769,0,"YukihiroD",44.457,-104.209,0,"Gonyong",7.605,-118.743,0,"SUGUN",-44.257,-92.219,0,0,0,0,0,0,"",0,0,0,0,1041.597,,,,0,0
32,2,1,0,2,2,1,0,0,0,0,255,255,255,11,1056.998,"Penguin_iDOL",R,26,89,140,1.391,-0.431,0.338,1.86,0.618,1.162,-36.493,27.623,73,27,0,2,0,-16.725,-190.585,23.767,0,0,1,3,3,L,"ゆっち一",180.9,83.623,0.399,3,67,W,Y,1057.976,255,196,63,98,66,139,128,27.04,1.105,0.56,0,0.32,110.171,-99.085,-123.028,0.406,-37.081,0,"HANA_ARASHI",-0.119,-17.134,0,"Kr_Luna",-17.529,-48.585,0,"아침땅_",-8.751,-65.963,89,"시즈카_Shizuka",24.121,-51.713,0,"눈꽃",15.402,-63.497,0,"YukihiroD",44.203,-104.342,0,"Gonyong",7.699,-118.732,0,"SUGUN",-44.189,-92.257,0,1063.28,1.768,-133.871,1063.447,7,"Gonyong",1.688,-130.463,0,0,,,,,257,1
33,2,1,0,2,0,0,1,0,0,0,255,255,255,12,1090.586,"Penguin_iDOL",R,14,84,109,-2.242,0.167,-0.313,1.972,-1.555,2.06,-36.493,26.136,87,13,0,1,0,386.885,312.348,22.394,0,0,0,4,7,R,"うよすま",175.4,85,0.496,0,67,W,Y,0,0,0,0,0,0,0,0,0,0,0,0,0,0,0,0,0.027,-37.58,0,"HANA_ARASHI",-0.137,-17.381,0,"Kr_Luna",-18.928,-46.793,0,"아침땅_",-16.055,-63.004,0,"시즈카_Shizuka",21.592,-53.622,0,"눈꽃",7.705,-67.25,0,"YukihiroD",29.384,-94.935,0,"Gonyong",-9.642,-108.839,0,"SUGUN",-45.707,-90.898,0,0,0,0,0,0,"",0,0,0,0,1092.172,,,,0,0
34,2,1,0,2,1,0,1,0,0,0,255,255,255,13,1105.416,"Penguin_iDOL",R,13,81,118,-2.397,-0.978,0.11,1.695,-0.417,1.447,-36.493,19.914,61,39,0,4,0,-377.907,327.393,3.489,0,0,1,4,7,R,"うよすま",175.4,85,0.496,0,67,W,Y,0,0,0,0,0,0,0,0,0,0,0,0,0,0,0,0,0.071,-37.569,0,"HANA_ARASHI",-0.192,-17.377,0,"Kr_Luna",-18.867,-46.879,0,"아침땅_",-16.412,-62.832,0,"시즈카_Shizuka",21.587,-53.662,0,"눈꽃",7.651,-67.156,0,"YukihiroD",32.114,-94.443,0,"Gonyong",-9.63,-108.884,0,"SUGUN",-45.78,-90.967,0,0,0,0,0,0,"",0,0,0,0,1106.938,,,,0,0
35,2,1,0,2,1,1,1,0,0,0,255,255,255,14,1121.141,"Penguin_iDOL",R,13,81,118,-2.373,-1.607,0.108,1.597,-0.426,1.101,-36.493,22.648,45,55,0,4,0,-365.756,340.915,4.716,0,0,1,4,7,R,"うよすま",175.4,85,0.496,0,67,W,Y,0,0,0,0,0,0,0,0,0,0,0,0,0,0,0,0,0.062,-37.515,0,"HANA_ARASHI",-0.343,-17.487,0,"Kr_Luna",-18.748,-46.921,0,"아침땅_",-16.434,-62.846,0,"시즈카_Shizuka",22.083,-53.223,0,"눈꽃",7.645,-67.171,0,"YukihiroD",32.159,-94.555,0,"Gonyong",-9.382,-108.789,0,"SUGUN",-45.724,-90.961,0,0,0,0,0,0,"",0,0,0,0,1122.605,,,,0,0
36,2,1,0,2,1,2,1,0,0,0,255,255,255,15,1135.682,"Penguin_iDOL",R,13,82,120,-2.082,-1.425,0.143,1.611,-0.266,1.152,-36.493,19.798,49,51,0,2,0,-394.78,306.837,-3.232,0,0,1,4,7,R,"うよすま",175.4,85,0.496,3,67,W,Y,1136.71,255,36,97,93,16,145,107,3.909,4.726,0.92,0,0.296,-132.629,153.906,-110.28,0.039,-37,0,"HANA_ARASHI",-0.319,-17.48,0,"Kr_Luna",-18.927,-45.413,0,"아침땅_",-17.076,-62.157,0,"시즈카_Shizuka",21.404,-53.723,0,"눈꽃",7.644,-67.115,103,"YukihiroD",32.396,-94.39,0,"Gonyong",-16.205,-112.048,88,"SUGUN",-45.714,-90.89,0,1137.688,-3.173,-46.137,1141.038,7,"Gonyong",-6.649,-99.039,1,0,,,,,5,2
37,2,1,0,2,0,0,1,1,0,0,7,255,255,16,1165.135,"Penguin_iDOL",R,26,85,138,1.169,0.849,0.306,1.837,0.492,1.943,-36.493,35.737,67,33,0,2,0,6.841,-157.359,12.068,0,0,1,5,5,R,"ddil_ddil69",176.3,89.899,0.397,3,67,W,Y,1166.275,216,82,99,63,27,145,94,93.01,-81.931,-0.41,0,0.683,177.541,-138.542,72.446,-0.737,-37.221,0,"HANA_ARASHI",-0.12,-17.586,0,"Kr_Luna",-20.18,-43.081,0,"아침땅_",-11.702,-63.031,0,"시즈카_Shizuka",22.507,-50.844,0,"눈꽃",4.736,-61.553,0,"YukihiroD",32.105,-93.714,0,"Gonyong",-10.096,-114.196,0,"SUGUN",-39.043,-82.367,0,0,0,0,0,0,"",0,0,0,0,,,,,0,3
38,2,1,0,2,0,1,1,1,0,0,7,255,255,17,1188.293,"Penguin_iDOL",R,10,87,128,14.566,-2.712,0.302,1.809,0.476,1.843,-36.493,28.637,72,28,0,2,0,0,400,35.789,0,0,1,5,5,R,"ddil_ddil69",176.3,89.899,0.397,3,68,W,Y,1189.424,126,55,71,71,13,137,95,48.313,39.457,-0.1,0,0.508,124.424,440.667,-235.637,-0.523,-37.553,0,"HANA_ARASHI",-0.129,-17.69,0,"Kr_Luna",-19.546,-45.606,82,"아침땅_",-11.471,-62.955,0,"시즈카_Shizuka",24.059,-50.561,0,"눈꽃",4.656,-62.35,0,"YukihiroD",32.209,-90.518,0,"Gonyong",-9.526,-115.082,0,"SUGUN",-39.362,-83.741,119,0,0,0,1195.263,8,"SUGUN",-49.413,-69.999,0,0,,1192.146,,,352,1
39,2,0,0,2,0,0,0,0,0,0,255,255,255,20,1255.962,"Riyaj",R,10,59,92,0.247,-0.256,0.316,2.104,0.36,2.036,-36.788,48.382,100,0,0,2,0,-127.782,400,-2.429,0,0,1,7,1,R,"HANA_ARASHI",190,90,0.25,3,68,W,Y,1257.232,174,73,117,96,57,145,130,16.611,27.643,0.64,0,0.723,30.22,506.965,260.572,0.029,-37.503,0,"_Chun",0.022,-17.986,0,"_Gosomi",-21.596,-48.082,0,"ゆっち一",-15.56,-63.31,0,"Yaksok~",19.933,-49.812,0,"ddil_ddil69",6.92,-52.2,53,"k@ster",41.62,-100.594,0,"うよすま",-6.396,-117.892,0,"소솨소솨",-42.295,-96.209,95,1260.98,-55.467,-103.723,1262.83,8,"소솨소솨",-53.795,-106.574,1,0,,,,,292,2
40,2,0,0,2,0,0,0,1,0,0,11,255,255,21,1284.698,"Riyaj",R,10,64,97,0.966,-0.466,0.347,2.034,0.457,1.919,-36.788,36.559,100,0,0,0,0,-24.147,361.683,-4.78,0,0,0,8,3,R,"아침땅_",164.7,94.757,0.5,0,68,W,Y,0,0,0,0,0,0,0,0,0,0,0,0,0,0,0,0,0.043,-37.686,0,"_Chun",-0.032,-17.632,0,"_Gosomi",-21.05,-44.819,0,"ゆっち一",-15.473,-63.22,0,"Yaksok~",17.169,-46.579,0,"ddil_ddil69",10.951,-63.72,0,"k@ster",36.974,-100.731,0,"うよすま",-5.57,-112.787,0,"소솨소솨",-39.673,-92.836,0,0,0,0,0,0,"",0,0,0,0,1286.297,,,,0,0
41,2,0,0,2,0,1,0,1,0,0,11,255,255,22,1299.997,"Riyaj",R,27,87,140,0.18,0.723,0.192,1.972,-0.038,1.823,-36.788,33.424,88,12,0,2,0,79.974,-148.895,-2.651,0,0,1,8,3,R,"아침땅_",164.7,94.757,0.5,3,68,W,Y,1301.024,92,83,116,44,19,133,105,108.291,-46.623,0.19,0,0.229,-178.675,300.531,-148.226,-0.04,-37.071,0,"_Chun",-0.02,-17.846,0,"_Gosomi",-21.193,-47.151,0,"ゆっち一",-15.424,-63.267,0,"Yaksok~",17.168,-46.573,0,"ddil_ddil69",10.907,-63.758,0,"k@ster",36.973,-100.741,0,"うよすま",-5.513,-112.03,0,"소솨소솨",-38.102,-90.988,0,0,0,0,0,0,"",0,0,0,0,,,,,256,3
42,2,0,0,2,0,2,0,1,0,0,11,255,255,23,1317.976,"Riyaj",R,10,70,100,-1.804,-1.25,-0.053,1.914,-0.783,1.621,-36.788,18.264,96,4,0,1,0,0,398.99,7.049,0,0,0,8,3,R,"아침땅_",164.7,94.757,0.5,0,68,W,Y,0,0,0,0,0,0,0,0,0,0,0,0,0,0,0,0,-0.161,-37.438,0,"_Chun",-0.043,-17.712,0,"_Gosomi",-20.784,-45.907,0,"ゆっち一",-15.208,-63.625,0,"Yaksok~",17.54,-47.167,0,"ddil_ddil69",12.477,-63.47,0,"k@ster",36.953,-101.101,0,"うよすま",-4.829,-112.059,0,"소솨소솨",-42.697,-93.198,0,0,0,0,0,0,"",0,0,0,0,1319.663,,,,0,0
43,2,0,0,2,1,2,0,1,0,0,11,255,255,24,1333.22,"Riyaj",R,28,73,125,1.738,2.203,0.345,2.198,0.674,2.665,-36.788,47.131,87,13,0,4,0,45.526,-93.15,-0.714,0,0,1,8,3,R,"아침땅_",164.7,94.757,0.5,0,68,W,Y,0,0,0,0,0,0,0,0,0,0,0,0,0,0,0,0,0.053,-37.517,0,"_Chun",0.061,-17.666,0,"_Gosomi",-22.575,-45.999,0,"ゆっち一",-15.208,-63.618,0,"Yaksok~",17.537,-47.162,0,"ddil_ddil69",12.495,-63.561,0,"k@ster",37.609,-101.843,0,"うよすま",-4.703,-111.803,0,"소솨소솨",-42.65,-93.242,0,0,0,0,0,0,"",0,0,0,0,1334.763,,,,0,0
44,2,0,0,2,0,0,1,1,0,0,11,255,255,25,1355.276,"Riyaj",R,13,74,115,0.029,-0.678,0.267,1.953,0.313,1.745,-36.788,35.865,90,10,0,0,0,-172.376,400,4.322,0,0,0,0,7,R,"Gonyong",175,85,0.2,0,43,W,Y,0,0,0,0,0,0,0,0,0,0,0,0,0,0,0,0,0.014,-37.4,0,"_Chun",-0.019,-17.646,0,"_Gosomi",-21.278,-46.028,0,"ゆっち一",-15.233,-63.648,0,"Yaksok~",17.806,-47.814,0,"ddil_ddil69",11.649,-63.26,0,"k@ster",39.909,-100.08,0,"うよすま",-3.829,-112.764,0,"소솨소솨",-41.946,-91.049,0,0,0,0,0,0,"",0,0,0,0,1357.122,,,,0,0
45,2,0,0,2,0,1,1,1,0,0,11,255,255,26,1370.841,"Riyaj",R,10,69,114,-3.62,-2.349,-0.138,1.65,-1.571,0.682,-36.788,6.222,61,39,0,1,0,0,320.554,11.625,0,0,0,0,7,R,"Gonyong",175,85,0.2,0,43,W,Y,0,0,0,0,0,0,0,0,0,0,0,0,0,0,0,0,-0.045,-37.635,0,"_Chun",-0.06,-17.786,0,"_Gosomi",-18.664,-39.78,0,"ゆっち一",-15.7,-61.262,0,"Yaksok~",17.802,-47.799,0,"ddil_ddil69",0.319,-59.295,0,"k@ster",37.445,-98.402,0,"うよすま",-1.194,-95.392,0,"소솨소솨",-42.795,-94.933,0,0,0,0,0,0,"",0,0,0,0,1372.597,1372.75,,,0,0
46,2,0,0,2,1,1,1,0,1,0,255,11,255,27,1385.06,"Riyaj",R,26,91,140,0.311,0.503,0.202,1.943,0.012,1.711,-36.788,30.968,87,13,0,2,0,84.957,-175.676,-2.036,0,0,1,0,7,R,"Gonyong",175,85,0.2,3,43,W,Y,1386.221,78,161,53,73,44,120,77,11.453,19.324,0.95,0.095,0.46,81.318,340.366,-19.751,0.048,-37.249,0,"_Chun",0.027,-17.709,0,"_Gosomi",-21.916,-46.212,85,"ゆっち一",-14.771,-63.46,106,"Yaksok~",18.264,-48.16,0,"ddil_ddil69",12.408,-64.104,0,"k@ster",41.286,-101.102,0,"うよすま",-4.167,-112.992,0,"소솨소솨",-42.459,-95.69,0,1388.38,-13.725,-52.777,1388.822,3,"ゆっち一",-14.21,-53.834,0,0,,1388.931,,,328,2
47,2,0,0,2,0,0,2,0,1,0,255,11,255,28,1410.181,"Riyaj",R,27,83,135,-1.697,-0.879,0.03,1.726,-0.79,0.945,-36.788,12.318,51,49,0,1,0,34.107,-138.841,2.751,0,0,0,1,6,R,"YukihiroD",174.3,80,0.4,0,68,W,Y,0,0,0,0,0,0,0,0,0,0,0,0,0,0,0,0,0.234,-37.849,0,"_Chun",0.004,-17.732,0,"_Gosomi",-21.768,-46.159,0,"ゆっち一",-14.688,-63.498,0,"Yaksok~",18.782,-47.766,0,"ddil_ddil69",12.577,-63.999,0,"k@ster",40.753,-101.188,0,"うよすま",-4.821,-113.445,0,"소솨소솨",-41.699,-95.429,0,0,0,0,0,0,"",0,0,0,0,1411.688,1410.385,,,0,0
48,2,0,0,2,1,0,2,0,1,0,255,11,255,29,1424.99,"Riyaj",R,27,84,136,1.146,1.514,0.286,2.12,0.399,2.335,-36.788,41.521,87,13,0,1,0,63.299,-123.888,0.193,0,0,0,1,6,R,"YukihiroD",174.3,80,0.4,0,68,W,Y,0,0,0,0,0,0,0,0,0,0,0,0,0,0,0,0,0.058,-37.578,0,"_Chun",0.001,-17.719,0,"_Gosomi",-21.874,-48.074,0,"ゆっち一",-14.699,-63.498,0,"Yaksok~",20.016,-47.092,0,"ddil_ddil69",12.89,-64.45,0,"k@ster",40.749,-100.987,0,"うよすま",-5.765,-113.945,0,"소솨소솨",-41.829,-96.539,0,0,0,0,0,0,"",0,0,0,0,1426.522,1428.35,,,0,0
49,2,0,0,2,1,1,2,0,1,0,255,11,255,30,1443.158,"Riyaj",R,10,75,104,-0.318,-2.346,0.154,1.601,-0.142,0.888,-36.788,18.739,59,41,0,4,0,0,400,5.739,0,0,1,1,6,R,"YukihiroD",174.3,80,0.4,0,68,W,Y,0,0,0,0,0,0,0,0,0,0,0,0,0,0,0,0,0.062,-37.881,0,"_Chun",1.731,-20.414,0,"_Gosomi",-20.546,-46.002,0,"ゆっち一",-13.426,-60.802,0,"Yaksok~",19.253,-44.068,0,"ddil_ddil69",14.075,-63.799,0,"k@ster",40.695,-101.021,0,"うよすま",-4.354,-111.001,0,"소솨소솨",-44.329,-95.561,0,0,0,0,0,0,"",0,0,0,0,1444.913,,1446.365,,0,0
50,2,0,0,2,1,2,2,0,0,1,255,255,11,31,1466.687,"Riyaj",R,10,70,100,-1.605,-1.117,-0.025,1.916,-0.698,1.627,-36.788,22.864,94,6,0,2,0,0,399.955,7.165,0,0,1,1,6,R,"YukihiroD",174.3,80,0.4,3,68,W,Y,1468.021,255,114,74,62,53,143,124,90.15,-89.764,0.7,0,0.49,-278.622,-431.005,-92.911,-0.187,-37.295,0,"_Chun",-0.026,-17.677,0,"_Gosomi",-22.053,-48.426,0,"ゆっち一",-12.644,-65.207,0,"Yaksok~",17.05,-46.431,0,"ddil_ddil69",13.18,-64.284,0,"k@ster",43.734,-98.72,0,"うよすま",-3.634,-112.755,0,"소솨소솨",-44.07,-95.779,0,0,0,0,0,0,"",0,0,0,0,,,1470.982,,256,3
51,2,0,0,2,1,2,2,0,0,1,255,255,11,32,1485.663,"Riyaj",R,26,90,140,-1.064,0.756,0.07,1.987,-0.605,1.867,-36.788,26.098,86,14,0,0,0,100.102,-162.948,1.131,0,0,0,1,6,R,"YukihiroD",174.3,80,0.4,0,68,W,Y,0,0,0,0,0,0,0,0,0,0,0,0,0,0,0,0,-0.05,-37.156,0,"_Chun",-0.019,-17.614,0,"_Gosomi",-22.164,-46.275,0,"ゆっち一",-15.519,-63.763,0,"Yaksok~",18.291,-47.063,0,"ddil_ddil69",12.755,-64.203,0,"k@ster",44.883,-99.915,0,"うよすま",-3.463,-113.133,0,"소솨소솨",-43.545,-94.852,0,0,0,0,0,0,"",0,0,0,0,1487.23,,1488.956,,0,0
52,3,1,0,2,0,0,0,0,0,0,255,255,255,18,1521.201,"Penguin_iDOL",R,26,87,140,0.591,0.68,0.263,1.807,0.293,1.837,-36.493,22.927,75,25,0,2,0,-44.282,-166.122,29.109,0,0,1,6,2,R,"_Gosomi",175.4,85.099,0.49,3,68,W,Y,1522.31,176,41,162,45,0,145,107,29.715,31.974,0.87,0,0.386,96.331,269.417,-91.734,-0.313,-37.382,0,"HANA_ARASHI",-0.093,-17.156,0,"Kr_Luna",-20.115,-49.759,0,"아침땅_",-15.605,-63.274,0,"시즈카_Shizuka",23.476,-53.74,0,"눈꽃",10.36,-66.105,0,"YukihiroD",36.249,-94.166,0,"Gonyong",-5.8,-104.313,0,"SUGUN",-37.864,-86.213,90,0,0,0,1527.322,8,"SUGUN",-50.33,-90.417,0,0,,,,,64,1
53,3,1,0,2,0,0,1,0,0,0,255,255,255,19,1550.209,"Penguin_iDOL",R,13,78,116,-0.858,-0.949,0.237,1.711,0.171,1.487,-36.493,25.135,51,49,0,0,0,-378.706,326.469,2.731,0,0,0,7,6,R,"k@ster",160,95.017,0.646,0,68,W,Y,0,0,0,0,0,0,0,0,0,0,0,0,0,0,0,0,0.195,-37.535,0,"HANA_ARASHI",-0.28,-17.411,0,"Kr_Luna",-20.722,-48.223,0,"아침땅_",-16.613,-62.894,0,"시즈카_Shizuka",20.025,-57.605,0,"눈꽃",2.786,-68.064,0,"YukihiroD",27.04,-91.613,0,"Gonyong",-2.662,-100.216,0,"SUGUN",-38.344,-80.897,0,0,0,0,0,0,"",0,0,0,0,1551.563,,,,0,0
54,3,1,0,2,0,1,1,0,0,0,255,255,255,20,1565.425,"Penguin_iDOL",R,3,85,113,-1.661,-0.629,0.165,1.8,-0.109,1.257,-36.493,25.624,87,13,0,4,0,-352.018,0,7.943,0,0,1,7,6,R,"k@ster",160,95.017,0.646,0,68,W,Y,0,0,0,0,0,0,0,0,0,0,0,0,0,0,0,0,0.107,-37.505,0,"HANA_ARASHI",-0.084,-17.469,0,"Kr_Luna",-20.784,-48.393,0,"아침땅_",-16.497,-62.875,0,"시즈카_Shizuka",20.088,-57.619,0,"눈꽃",2.739,-68.009,0,"YukihiroD",27.015,-91.62,0,"Gonyong",-3.686,-102.053,0,"SUGUN",-38.762,-82.517,0,0,0,0,0,0,"",0,0,0,0,1566.863,,,,0,0
55,3,1,0,2,0,2,1,0,0,0,255,255,255,21,1579.317,"Penguin_iDOL",R,13,79,105,-1.992,-2.189,0.073,1.737,-0.394,1.096,-36.493,13.223,53,47,0,1,0,-244.387,400,5.585,0,0,0,7,6,R,"k@ster",160,95.017,0.646,0,68,W,Y,0,0,0,0,0,0,0,0,0,0,0,0,0,0,0,0,0.138,-37.543,0,"HANA_ARASHI",-0.142,-17.515,0,"Kr_Luna",-20.788,-48.447,0,"아침땅_",-16.525,-62.941,0,"시즈카_Shizuka",20.458,-57.446,0,"눈꽃",2.719,-68.03,0,"YukihiroD",27.01,-91.61,0,"Gonyong",-3.729,-102.149,0,"SUGUN",-38.648,-82.522,0,0,0,0,0,0,"",0,0,0,0,1580.73,,,,0,0
56,3,1,0,2,1,2,1,0,0,0,255,255,255,22,1594.673,"Penguin_iDOL",R,14,91,126,1.543,-1.196,0.174,1.705,0.11,1.381,-36.493,21.227,87,13,0,2,0,366.6,340.006,23.263,0,0,1,7,6,R,"k@ster",160,95.017,0.646,3,68,W,Y,1595.632,194,60,65,49,24,137,124,-30,-41.342,0.5,0,0.084,-5.824,-277.85,0.993,-0.123,-37.025,0,"HANA_ARASHI",-0.053,-17.401,0,"Kr_Luna",-20.613,-48.304,0,"아침땅_",-16.081,-62.82,0,"시즈카_Shizuka",20.617,-57.417,0,"눈꽃",2.737,-68.179,107,"YukihiroD",26.6,-91.782,105,"Gonyong",-3.87,-102.117,0,"SUGUN",-38.699,-82.462,0,1595.747,0.829,-19.129,1603.772,6,"YukihiroD",63.433,-89.84,1,0,,1605.728,,,6,2
57,3,1,0,2,0,0,1,0,1,0,255,6,255,23,1627.974,"Penguin_iDOL",R,26,87,140,0.315,0.824,0.225,1.856,0.118,1.982,-36.493,29.796,66,34,0,0,1,9.728,-163.954,18.451,0,0,1,8,0,R,"Riyaj",190,80,0.2,0,39,W,Y,0,0,0,0,0,0,0,0,0,0,0,0,0,0,0,0,-0.309,-37.618,0,"HANA_ARASHI",-0.069,-17.465,0,"Kr_Luna",-19.054,-47.31,0,"아침땅_",-16.173,-62.912,0,"시즈카_Shizuka",23.402,-53.611,0,"눈꽃",6.405,-61.311,0,"YukihiroD",34.387,-89.917,0,"Gonyong",-4.797,-106.994,0,"SUGUN",-44.615,-90.331,0,0,0,0,0,0,"",0,0,0,0,1629.288,1630.407,,,0,0
58,3,1,0,2,0,1,1,0,0,1,255,255,255,24,1675.595,"Penguin_iDOL",R,25,55,107,1.958,-0.045,0.306,1.836,0.614,1.745,-36.493,41.749,82,18,0,4,0,121.759,119.867,11.295,0,0,1,8,0,R,"Riyaj",190,80,0.2,0,39,W,Y,0,0,0,0,0,0,0,0,0,0,0,0,0,0,0,0,-0.217,-37.752,0,"HANA_ARASHI",-0.075,-17.483,0,"Kr_Luna",-19.281,-47.355,0,"아침땅_",-16.242,-62.884,0,"시즈카_Shizuka",19.219,-40.011,0,"눈꽃",11.065,-60.642,0,"YukihiroD",32.941,-90.15,0,"Gonyong",-4.028,-106.893,0,"SUGUN",-44.54,-90.4,0,0,0,0,0,0,"",0,0,0,0,1677.122,,1678.41,,0,0
59,3,1,0,2,0,2,1,0,0,1,255,255,255,25,1692.123,"Penguin_iDOL",R,26,81,132,1.003,1.051,0.296,1.899,0.447,2.123,-36.493,32.548,75,25,0,2,0,-13.096,-153.162,9.429,0,0,1,8,0,R,"Riyaj",190,80,0.2,3,39,W,Y,1693.299,233,37,73,34,41,137,90,108.578,69.006,-0.6,0,0.325,303.46,-383.558,198.266,0.118,-37.29,0,"HANA_ARASHI",-0.054,-17.543,0,"Kr_Luna",-19.38,-47.333,0,"아침땅_",-16.166,-62.737,0,"시즈카_Shizuka",22.371,-44.329,0,"눈꽃",12.916,-64.916,0,"YukihiroD",33.648,-89.373,0,"Gonyong",-9.269,-112.438,0,"SUGUN",-44.779,-90.231,0,0,0,0,0,0,"",0,0,0,0,,,1695.581,,0,3
60,3,1,0,2,0,2,1,0,0,1,255,255,255,26,1711.142,"Penguin_iDOL",R,26,86,139,0.759,1.503,0.294,1.977,0.438,2.374,-36.493,39.312,68,32,0,4,0,-87.264,-200,22.509,0,0,1,8,0,R,"Riyaj",190,80,0.2,0,39,W,Y,0,0,0,0,0,0,0,0,0,0,0,0,0,0,0,0,-0.206,-37.267,0,"HANA_ARASHI",-0.042,-17.496,0,"Kr_Luna",-19.333,-47.41,0,"아침땅_",-16.185,-62.941,0,"시즈카_Shizuka",21.592,-44.2,0,"눈꽃",14.578,-64.038,0,"YukihiroD",35.985,-88.694,0,"Gonyong",-3.724,-105.569,0,"SUGUN",-44.3,-91.066,0,0,0,0,0,0,"",0,0,0,0,1712.43,,1713.684,,0,0
61,3,1,0,2,0,0,2,0,0,1,255,255,255,27,1734.114,"Penguin_iDOL",R,13,82,122,-3.29,-2.756,-0.03,1.441,-1.068,0.54,-36.493,10.758,57,43,0,1,0,-224.315,377.246,4.51,-0.618,-20.225,0,0,4,R,"Yaksok~",173.3,80,0.332,0,67,W,Y,0,0,0,0,0,0,0,0,0,0,0,0,0,0,0,0,-0.027,-37.469,0,"HANA_ARASHI",-0.267,-17.649,0,"Kr_Luna",-20.473,-43.986,0,"아침땅_",-16.14,-62.868,0,"시즈카_Shizuka",22.157,-43.729,0,"눈꽃",2.025,-62.118,0,"YukihiroD",35.903,-88.72,0,"Gonyong",-11.502,-106.795,0,"SUGUN",-44.116,-91.255,0,0,0,0,0,0,"",0,0,0,0,1735.438,,1736.774,,0,0
62,3,1,0,2,1,0,2,0,0,1,255,255,255,28,1750.059,"Penguin_iDOL",R,3,74,118,-1.164,-0.156,0.185,1.713,-0.07,1.507,-36.493,25.172,66,34,0,2,0,-266.041,0,5.756,0,0,1,0,4,R,"Yaksok~",173.3,80,0.332,3,67,W,Y,1751.064,157,196,109,92,34,145,106,93.168,-84.406,0.87,0,0.259,392.374,274.553,51.782,-0.16,-36.936,0,"HANA_ARASHI",-0.158,-17.585,0,"Kr_Luna",-19.022,-46.804,0,"아침땅_",-16.072,-62.74,0,"시즈카_Shizuka",21.643,-45.299,0,"눈꽃",2.329,-61.501,0,"YukihiroD",35.981,-88.665,0,"Gonyong",-8.997,-106.483,0,"SUGUN",-44.285,-90.745,0,0,0,0,0,0,"",0,0,0,0,,,1755.471,,0,3
63,3,1,0,2,1,1,2,0,0,1,255,255,255,29,1770.94,"Penguin_iDOL",R,14,82,107,-0.915,-0.08,-0.158,1.907,-1.111,2.016,-36.493,27.496,89,11,0,0,0,379.292,312.981,16.253,0,0,0,0,4,R,"Yaksok~",173.3,80,0.332,0,56,W,Y,0,0,0,0,0,0,0,0,0,0,0,0,0,0,0,0,-0.261,-37.649,0,"HANA_ARASHI",-0.153,-17.661,0,"Kr_Luna",-19.551,-47.815,0,"아침땅_",-16.301,-62.948,0,"시즈카_Shizuka",20.582,-45.47,0,"눈꽃",2.574,-63.804,0,"YukihiroD",33.103,-90.704,0,"Gonyong",-10.843,-108.858,0,"SUGUN",-48.633,-91.246,0,0,0,0,0,0,"",0,0,0,0,1772.347,,1773.592,,0,0
64,3,1,0,2,1,2,2,0,0,1,255,255,255,30,1788.49,"Penguin_iDOL",R,10,82,123,-1.086,-1.514,0.098,1.824,-0.475,1.192,-36.493,27.721,76,24,0,4,0,0,400,39.834,-0.24,-18.357,1,0,4,R,"Yaksok~",173.3,80,0.332,0,56,W,Y,0,0,0,0,0,0,0,0,0,0,0,0,0,0,0,0,0.02,-37.594,0,"HANA_ARASHI",-0.179,-17.641,0,"Kr_Luna",-19.282,-47.984,0,"아침땅_",-16.295,-62.981,0,"시즈카_Shizuka",21.904,-47.129,0,"눈꽃",1.232,-63.351,0,"YukihiroD",32.431,-91.086,0,"Gonyong",-14.352,-107.008,0,"SUGUN",-48.508,-91.392,0,0,0,0,0,0,"",0,0,0,0,1789.847,,1791.347,,0,0
65,3,0,0,2,0,0,0,0,0,0,255,255,255,33,1837.497,"Riyaj",R,27,82,134,0.721,1.254,0.247,2.081,0.218,2.195,-36.788,44.289,92,8,0,4,0,60.185,-116.41,-0.892,0,0,1,2,5,L,"눈꽃",175,80,0.497,0,67,W,Y,0,0,0,0,0,0,0,0,0,0,0,0,0,0,0,0,0.064,-37.345,0,"_Chun",-0.08,-17.477,0,"_Gosomi",-21.742,-49.49,0,"ゆっち一",-9.126,-66.057,0,"Yaksok~",18.471,-48.865,0,"ddil_ddil69",14.341,-64.39,0,"k@ster",44.083,-102.6,0,"うよすま",4.498,-118.36,0,"소솨소솨",-39.985,-93.596,0,0,0,0,0,0,"",0,0,0,0,1839.022,,,,0,0
66,3,0,0,2,0,1,0,0,0,0,255,255,255,34,1855.383,"Riyaj",R,10,75,104,2.294,-0.874,0.517,1.956,0.984,1.723,-36.788,37.505,95,5,0,4,0,0,400,-0.251,0,0,1,2,5,L,"눈꽃",175,80,0.497,0,67,W,Y,0,0,0,0,0,0,0,0,0,0,0,0,0,0,0,0,0.141,-37.612,0,"_Chun",0.477,-17.44,0,"_Gosomi",-20.935,-46.401,0,"ゆっち一",-7.012,-65.056,0,"Yaksok~",18.46,-48.859,0,"ddil_ddil69",14.503,-64.327,0,"k@ster",46.863,-101.658,0,"うよすま",3.464,-116.168,0,"소솨소솨",-35.767,-88.95,0,0,0,0,0,0,"",0,0,0,0,1856.98,,,,0,0
67,3,0,0,2,0,2,0,0,0,0,255,255,255,35,1873.337,"Riyaj",R,10,67,110,-0.608,0.118,0.142,2.094,-0.269,2.242,-36.788,37.135,96,4,0,0,0,0,400,0.812,0,0,0,2,5,L,"눈꽃",175,80,0.497,0,67,W,Y,0,0,0,0,0,0,0,0,0,0,0,0,0,0,0,0,-0.075,-37.488,0,"_Chun",-0.121,-17.231,0,"_Gosomi",-21.82,-47.419,0,"ゆっち一",-8.195,-66.383,0,"Yaksok~",18.464,-48.858,0,"ddil_ddil69",14.532,-64.182,0,"k@ster",46.834,-101.676,0,"うよすま",4.683,-115.659,0,"소솨소솨",-37.382,-88.157,0,0,0,0,0,0,"",0,0,0,0,1874.963,,,,0,0
68,3,0,0,2,0,0,1,0,0,0,255,255,255,36,1893.965,"Riyaj",R,27,83,134,0.5,0.94,0.228,2.025,0.131,1.999,-36.788,27.929,88,12,0,0,0,54.276,-131.849,0.809,0,0,0,3,4,R,"시즈카_Shizuka",175.3,85.33,0.496,0,67,W,Y,0,0,0,0,0,0,0,0,0,0,0,0,0,0,0,0,-0.035,-37.613,0,"_Chun",0.079,-17.426,0,"_Gosomi",-22.825,-47.881,0,"ゆっち一",-16.016,-67.813,0,"Yaksok~",18.464,-48.866,0,"ddil_ddil69",14.532,-64.073,0,"k@ster",40.342,-96.624,0,"うよすま",-3.073,-113.502,0,"소솨소솨",-38.72,-90.031,0,0,0,0,0,0,"",0,0,0,0,1895.497,,,,0,0
69,3,0,0,2,0,1,1,0,0,0,255,255,255,37,1908.68,"Riyaj",R,10,70,101,-0.732,-0.291,0.097,2.111,-0.321,2.084,-36.788,41.73,92,8,0,2,0,0,400,5.032,0,0,1,3,4,R,"시즈카_Shizuka",175.3,85.33,0.496,3,67,W,Y,1909.937,255,138,61,111,67,138,127,-15.111,-24.344,0.59,0,0.532,-140.281,22.396,-225.27,-0.035,-37.357,0,"_Chun",-0.177,-17.514,0,"_Gosomi",-22.772,-47.828,0,"ゆっち一",-14.332,-64.318,65,"Yaksok~",18.394,-48.78,0,"ddil_ddil69",7.979,-60.367,0,"k@ster",40.352,-96.659,95,"うよすま",-3.55,-112.81,0,"소솨소솨",-37.681,-88.553,0,1910.08,1.303,-24.173,1913.047,6,"k@ster",30.584,-86.575,1,0,,,,,392,2
70,3,0,0,2,0,1,1,1,0,0,14,255,255,38,1955.553,"Riyaj",R,10,75,116,-2.158,-2.249,-0.002,1.715,-0.939,0.887,-36.788,13.653,58,42,0,1,0,0,399.373,8.673,0,0,0,4,9,L,"하루（Haru）",169.7,85.172,0.403,0,30,W,Y,0,0,0,0,0,0,0,0,0,0,0,0,0,0,0,0,-0.121,-37.456,0,"_Chun",-0.004,-17.514,0,"_Gosomi",-18.835,-45.243,0,"ゆっち一",-6.127,-63.583,0,"Yaksok~",18.655,-48.405,0,"ddil_ddil69",15.45,-63.8,0,"k@ster",47.054,-96.822,0,"うよすま",6.188,-115.284,0,"소솨소솨",-32.083,-83.279,0,0,0,0,0,0,"",0,0,0,0,1957.213,,,,0,0
71,3,0,0,2,1,1,1,1,0,0,14,255,255,39,1968.509,"Riyaj",R,10,85,126,-2.012,-1.453,0.012,1.82,-0.876,1.268,-36.788,15.45,52,48,0,1,0,0,400,9.684,0,0,0,4,9,L,"하루（Haru）",169.7,85.172,0.403,0,30,W,Y,0,0,0,0,0,0,0,0,0,0,0,0,0,0,0,0,0.032,-37.544,0,"_Chun",0.03,-17.371,0,"_Gosomi",-19.674,-45.064,0,"ゆっち一",-6.126,-63.591,0,"Yaksok~",18.678,-48.419,0,"ddil_ddil69",15.424,-63.821,0,"k@ster",47.09,-96.542,0,"うよすま",7.643,-115.751,0,"소솨소솨",-33.112,-82.504,0,0,0,0,0,0,"",0,0,0,0,1970.055,,,,0,0
72,3,0,0,2,2,1,1,1,0,0,14,255,255,40,1984.495,"Riyaj",R,10,73,114,-1.105,-1.085,0.096,1.899,-0.483,1.552,-36.788,23.288,97,3,0,0,0,0,400,8.371,0,0,0,4,9,L,"하루（Haru）",169.7,85.172,0.403,0,30,W,Y,0,0,0,0,0,0,0,0,0,0,0,0,0,0,0,0,0.078,-37.586,0,"_Chun",-0.045,-17.215,0,"_Gosomi",-19.426,-45.709,0,"ゆっち一",-4.011,-61.713,0,"Yaksok~",18.67,-48.414,0,"ddil_ddil69",15.513,-63.782,0,"k@ster",47.087,-96.539,0,"うよすま",6.42,-111.622,0,"소솨소솨",-34.844,-83.915,0,0,0,0,0,0,"",0,0,0,0,1986.055,,,,0,0
73,3,0,0,2,2,2,1,1,0,0,14,255,255,41,2000.051,"Riyaj",R,26,81,131,-0.151,1.929,0.168,2.154,-0.151,2.478,-36.788,38.847,87,13,0,4,0,52.825,-175.65,3.577,0,0,1,4,9,L,"하루（Haru）",169.7,85.172,0.403,0,30,W,Y,0,0,0,0,0,0,0,0,0,0,0,0,0,0,0,0,-0.002,-37.778,0,"_Chun",0.652,-17.319,0,"_Gosomi",-20.073,-45.443,0,"ゆっち一",-2.301,-60.312,0,"Yaksok~",18.681,-48.426,0,"ddil_ddil69",15.504,-63.761,0,"k@ster",47.692,-97.454,0,"うよすま",6.224,-111.606,0,"소솨소솨",-33.677,-85.212,0,0,0,0,0,0,"",0,0,0,0,2001.58,2004.791,,,0,0
74,3,0,0,2,0,0,2,0,1,0,255,14,255,42,2022.67,"Riyaj",R,10,79,122,-0.061,0.157,0.232,2.035,0.148,2.003,-36.788,42.41,86,14,0,2,0,-109.532,269.815,1.682,0,0,0,5,2,L,"Kr_Luna",190,95.256,0.499,3,67,W,Y,2023.6,147,69,136,73,36,145,130,34.011,-39.751,0.32,0,0.142,179.405,41.78,-233.4,-0.278,-37.137,0,"_Chun",-0.127,-17.514,0,"_Gosomi",-19.873,-47.769,0,"ゆっち一",-7.253,-64.082,0,"Yaksok~",18.693,-48.428,0,"ddil_ddil69",17.133,-62.418,0,"k@ster",53.953,-102.362,0,"うよすま",11.537,-122.614,0,"소솨소솨",-32.382,-87.383,0,2028.655,73.48,-107.243,0,0,"",0,0,0,0,,2034.172,2029.755,2035.125,256,4
75,3,0,0,4,0,0,2,0,0,0,255,255,255,43,2065.831,"Riyaj",R,28,49,106,2.48,1.559,0.41,2.159,0.975,2.448,-36.788,53.405,89,11,0,1,0,46.998,-68.577,0.6,0,0,0,6,8,R,"SUGUN",180,82.092,0.496,0,68,W,Y,0,0,0,0,0,0,0,0,0,0,0,0,0,0,0,0,0.115,-37.361,0,"_Chun",0.109,-17.491,0,"_Gosomi",-21.862,-48.859,0,"ゆっち一",-13.129,-64.624,0,"Yaksok~",18.397,-48.331,0,"ddil_ddil69",15.798,-63.419,0,"k@ster",43.386,-102.869,0,"うよすま",-4.037,-115.843,0,"소솨소솨",-38.046,-88.679,0,0,0,0,0,0,"",0,0,0,0,2067.463,,,,0,0
76,3,0,0,4,1,0,2,0,0,0,255,255,255,44,2110.065,"Riyaj",R,27,82,134,0.705,-1.725,0.23,1.632,0.14,0.646,-36.788,13.397,44,56,0,2,0,44.743,-126.9,1.603,0,0,1,6,8,R,"SUGUN",180,82.092,0.496,3,68,W,Y,2111.181,248,69,88,71,23,145,125,25.907,10.552,0.26,0,0.305,161.652,117.404,50.279,0.034,-37.41,0,"_Chun",0.05,-17.815,0,"_Gosomi",-21.807,-48.562,0,"ゆっち一",-13.163,-64.951,80,"Yaksok~",18.177,-48.209,0,"ddil_ddil69",15.981,-63.012,0,"k@ster",43.464,-102.803,0,"うよすま",-4.633,-113.413,0,"소솨소솨",-39.006,-90.098,0,2116.413,-23.48,-129.46,2117.855,7,"うよすま",-21.746,-129.548,1,0,,2121.08,,,280,2
77,3,0,0,4,0,0,2,0,1,0,255,18,255,45,2142.17,"Riyaj",R,26,85,138,2.256,-0.031,0.388,1.856,0.875,1.425,-36.788,28.204,47,53,0,2,0,68.046,-172.185,-0.55,0,0,1,7,1,R,"HANA_ARASHI",190,90,0.25,3,68,W,Y,2143.222,193,155,119,82,41,145,90,-21.741,-2.896,-0.84,0,0.617,14.389,-382.746,9.633,0.079,-37.361,111,"_Chun",0.133,-17.724,0,"_Gosomi",-23.176,-49.844,0,"ゆっち一",-14.027,-64.273,0,"Yaksok~",18.571,-48.388,0,"ddil_ddil69",15.754,-63.343,108,"k@ster",39.419,-105.949,0,"うよすま",-5.417,-121.903,0,"소솨소솨",-43.599,-97.487,0,2143.372,0.539,-21.699,2144.497,0,"Riyaj",1.387,-36.737,1,64,,,,,297,2
78,4,1,0,4,0,0,0,0,0,0,255,255,255,31,2206.767,"Penguin_iDOL",R,26,85,137,-1.381,1.372,0.079,1.954,-0.562,2.301,-36.493,32.421,75,25,0,4,0,-31.115,-186.874,21.351,0,0,1,1,1,L,"_Chun",190,80,0.455,0,68,W,Y,0,0,0,0,0,0,0,0,0,0,0,0,0,0,0,0,0.032,-37.613,0,"HANA_ARASHI",-0.086,-17.089,0,"Kr_Luna",-18.093,-51.21,0,"아침땅_",-12.378,-65.094,0,"시즈카_Shizuka",23.697,-52.949,0,"눈꽃",14.726,-64.323,0,"YukihiroD",39.74,-84.614,0,"Gonyong",17.56,-121.087,0,"SUGUN",-44.738,-93.352,0,0,0,0,0,0,"",0,0,0,0,2208.055,,,,0,0
79,4,1,0,4,0,1,0,0,0,0,255,255,255,32,2225.965,"Penguin_iDOL",R,10,86,128,-0.723,-0.277,0.131,1.811,-0.319,1.836,-36.493,26.932,75,25,0,2,0,0,400,34.697,0,0,1,1,1,L,"_Chun",190,80,0.455,3,68,W,Y,2226.971,199,95,90,68,35,145,124,-30,-26.647,0.76,0,0.251,-331.665,-226.875,-278.194,-0.042,-37.027,0,"HANA_ARASHI",-0.135,-17.346,0,"Kr_Luna",-18.481,-50.511,85,"아침땅_",-12.346,-67.82,0,"시즈카_Shizuka",24.22,-52.042,0,"눈꽃",15.655,-63.854,0,"YukihiroD",39.74,-84.613,0,"Gonyong",24.258,-123.144,0,"SUGUN",-32.348,-109.329,0,2227.055,0.463,-20.702,2229.114,5,"눈꽃",22.508,-59.879,0,0,,,,,36,2
80,4,1,0,4,0,0,1,0,0,0,255,255,255,33,2255.625,"Penguin_iDOL",R,14,89,126,1.745,-0.359,0.237,1.774,0.172,1.719,-36.493,22.645,88,12,0,1,0,381.982,322.629,22.223,0,0,0,2,8,R,"소솨소솨",190,80,0.498,0,68,W,Y,0,0,0,0,0,0,0,0,0,0,0,0,0,0,0,0,0.159,-37.659,0,"HANA_ARASHI",-0.024,-17.383,0,"Kr_Luna",-19.356,-47.347,0,"아침땅_",-16.657,-63.848,0,"시즈카_Shizuka",22.242,-55.009,0,"눈꽃",4.587,-67.65,0,"YukihiroD",32.039,-94.177,0,"Gonyong",0.111,-119.092,0,"SUGUN",-50.009,-95.261,0,0,0,0,0,0,"",0,0,0,0,2257.097,,,,0,0
81,4,1,0,4,1,0,1,0,0,0,255,255,255,34,2275.206,"Penguin_iDOL",R,27,85,138,0.787,0.84,0.277,1.868,0.358,2.021,-36.493,28.767,80,20,0,0,0,-17.637,-127.584,13.858,0,0,1,2,8,R,"소솨소솨",190,80,0.498,0,68,W,Y,0,0,0,0,0,0,0,0,0,0,0,0,0,0,0,0,0.218,-37.641,0,"HANA_ARASHI",-0.039,-17.654,0,"Kr_Luna",-18.955,-47.852,0,"아침땅_",-17.01,-63.685,0,"시즈카_Shizuka",22.579,-54.478,0,"눈꽃",3.913,-67.679,0,"YukihiroD",30.738,-95.092,0,"Gonyong",-1.194,-118.786,0,"SUGUN",-48.877,-96.646,0,0,0,0,0,0,"",0,0,0,0,2276.663,,,,0,0
82,4,1,0,4,1,1,1,0,0,0,255,255,255,35,2294.561,"Penguin_iDOL",R,10,83,124,0.716,0.645,0.365,1.895,0.765,2.109,-36.493,37.385,76,24,0,2,0,70.847,400,34.745,0,0,1,2,8,R,"소솨소솨",190,80,0.498,3,68,W,Y,2295.634,176,117,96,69,16,145,90,1.065,-7.532,-0.85,0,0.579,120.175,-554.086,191.218,0.405,-37.17,0,"HANA_ARASHI",-0.033,-17.474,0,"Kr_Luna",-19.084,-46.993,85,"아침땅_",-17.842,-66.16,0,"시즈카_Shizuka",22.873,-54.48,0,"눈꽃",5.313,-67.406,0,"YukihiroD",33.269,-95.238,0,"Gonyong",-1.899,-118.292,0,"SUGUN",-49.476,-96.825,0,2296.63,3.562,-39.593,2298.063,5,"눈꽃",6.71,-60.645,0,0,,,,,36,2
83,4,1,0,4,0,0,2,0,0,0,255,255,255,36,2319.022,"Penguin_iDOL",R,13,85,124,-1.874,-1.597,0.144,1.575,-0.261,1.043,-36.493,13.033,57,43,0,1,0,-358.501,348.535,6.044,-0.511,-17.901,0,3,3,L,"ゆっち一",180.9,83.623,0.399,0,68,W,Y,0,0,0,0,0,0,0,0,0,0,0,0,0,0,0,0,0.084,-37.691,0,"HANA_ARASHI",-0.123,-17.315,0,"Kr_Luna",-17.519,-47.407,0,"아침땅_",-13.618,-67.075,0,"시즈카_Shizuka",24.107,-53.072,0,"눈꽃",14.802,-64.321,0,"YukihiroD",47.861,-108.193,0,"Gonyong",7.527,-123.628,0,"SUGUN",-49.031,-99.912,0,0,0,0,0,0,"",0,0,0,0,2320.48,,,,0,0
84,4,1,0,4,1,0,2,0,0,0,255,255,255,37,2335.507,"Penguin_iDOL",R,14,94,126,1.715,-1.543,0.245,1.584,0.208,1.073,-36.493,15.703,50,50,0,1,0,350.781,356.304,24.162,0.43,-17.851,0,3,3,L,"ゆっち一",180.9,83.623,0.399,0,68,W,Y,0,0,0,0,0,0,0,0,0,0,0,0,0,0,0,0,0.22,-37.601,0,"HANA_ARASHI",-0.014,-17.348,0,"Kr_Luna",-17.505,-47.453,0,"아침땅_",-10.435,-67.756,0,"시즈카_Shizuka",24.189,-50.233,0,"눈꽃",15.188,-63.679,0,"YukihiroD",47.728,-108.599,0,"Gonyong",7.54,-123.625,0,"SUGUN",-51.789,-98.399,0,0,0,0,0,0,"",0,0,0,0,2336.997,,,,0,0
85,4,1,0,4,2,0,2,0,0,0,255,255,255,38,2352.473,"Penguin_iDOL",R,26,88,140,-1.234,1.332,0.107,1.92,-0.432,2.217,-36.493,28.524,80,20,0,2,0,-88.648,-200,43.5,0,0,1,3,3,L,"ゆっち一",180.9,83.623,0.399,3,68,W,Y,2353.487,255,116,69,61,30,140,128,32.69,-26.377,0.44,0,0.34,220.556,-80.177,38.94,-0.121,-37.262,0,"HANA_ARASHI",-0.168,-17.589,0,"Kr_Luna",-17.51,-47.426,0,"아침땅_",-10.511,-67.25,0,"시즈카_Shizuka",24.909,-50.569,0,"눈꽃",15.273,-63.741,0,"YukihiroD",47.812,-108.591,85,"Gonyong",7.516,-123.644,0,"SUGUN",-51.467,-98.033,0,2359.255,50.796,-116.56,2362.23,6,"YukihiroD",46.546,-106.938,1,0,,2363.627,,,2,2
86,4,1,0,4,0,0,2,0,1,0,255,3,255,39,2391.615,"Penguin_iDOL",R,10,82,123,1.34,-0.242,0.323,1.831,0.574,1.923,-36.493,25.715,71,29,0,2,0,0,400,36.82,0,0,1,4,7,R,"うよすま",175.4,85,0.496,3,68,W,Y,2392.645,198,82,100,50,14,145,109,-30,20.057,0.91,0,0.494,-262.36,62.708,70.564,-0.065,-37.432,0,"HANA_ARASHI",-0.029,-17.799,0,"Kr_Luna",-18.006,-46.863,65,"아침땅_",-15.846,-62.96,85,"시즈카_Shizuka",21.301,-46.061,0,"눈꽃",5.536,-61.043,0,"YukihiroD",39.016,-100.418,0,"Gonyong",-0.201,-113.855,0,"SUGUN",-42.759,-91.213,0,2392.713,-0.098,-19.602,2394.747,3,"아침땅_",-12.942,-54.73,0,0,,,2396.47,,288,2
87,4,0,0,4,0,0,0,0,0,0,255,255,255,46,2457.992,"Riyaj",R,27,87,140,1.257,2.363,0.316,1.915,0.542,1.611,-36.788,34.961,88,12,0,2,0,49.779,-147.922,-3.273,0,0,1,8,3,R,"아침땅_",164.7,94.757,0.5,3,68,W,Y,2459.005,141,80,115,61,22,144,82,21.727,0.99,-0.78,0.143,0.301,533.978,272.29,-25.049,0.102,-37.152,0,"_Chun",-0.001,-17.831,0,"_Gosomi",-22.643,-49.38,0,"ゆっち一",-13.491,-64.531,85,"Yaksok~",18.447,-48.839,0,"ddil_ddil69",13.789,-64.829,0,"k@ster",38.947,-97.397,0,"うよすま",-4.598,-114.55,0,"소솨소솨",-41.689,-99.71,0,2463.614,-4.468,-88.579,2464.33,7,"うよすま",-4.914,-92.287,1,0,,,,,280,2
88,4,0,0,4,0,0,0,1,0,0,13,255,255,47,2486.701,"Riyaj",R,10,77,117,1.933,0.367,0.386,2.12,0.867,2.332,-36.788,55.215,88,12,0,1,0,-21.234,400,-1.545,0,0,0,0,7,R,"Gonyong",175,85,0.2,0,68,W,Y,0,0,0,0,0,0,0,0,0,0,0,0,0,0,0,0,0.099,-37.425,0,"_Chun",0.044,-17.6,0,"_Gosomi",-20.12,-41.603,0,"ゆっち一",-11.969,-62.559,0,"Yaksok~",17.792,-45.126,0,"ddil_ddil69",10.019,-60.911,0,"k@ster",41.162,-99.677,0,"うよすま",-3.067,-111.718,0,"소솨소솨",-40.288,-90.669,0,0,0,0,0,0,"",0,0,0,0,2488.414,,,,0,0
89,4,0,0,4,1,0,0,1,0,0,13,255,255,48,2503.21,"Riyaj",R,12,79,126,-2.445,-0.21,-0.024,1.907,-1.041,1.585,-36.788,23.039,88,12,0,1,0,-14.614,100.773,6.036,0,0,0,0,7,R,"Gonyong",175,85,0.2,0,68,W,Y,0,0,0,0,0,0,0,0,0,0,0,0,0,0,0,0,-0.101,-37.766,0,"_Chun",-0.024,-17.589,0,"_Gosomi",-20.138,-43.672,0,"ゆっち一",-12.789,-61.766,0,"Yaksok~",17.276,-45.612,0,"ddil_ddil69",10.13,-61.314,0,"k@ster",40.755,-99.638,0,"うよすま",-3.926,-112.9,0,"소솨소솨",-42.166,-93.961,0,0,0,0,0,0,"",0,0,0,0,2504.797,,,,0,0
90,4,0,0,4,2,0,0,1,0,0,13,255,255,49,2519.45,"Riyaj",R,26,85,137,0.662,0.813,0.233,1.999,0.153,1.906,-36.788,30.343,87,13,0,2,0,89.497,-154.956,0.306,0,0,1,0,7,R,"Gonyong",175,85,0.2,3,68,W,Y,2520.598,171,130,106,73,9,145,90,26.038,27.01,0.96,0.095,0.419,192.263,258.591,-48.942,-0.114,-37.235,0,"_Chun",0.03,-17.608,0,"_Gosomi",-21.105,-46.673,0,"ゆっち一",-13.764,-62.06,0,"Yaksok~",17.278,-45.608,0,"ddil_ddil69",13.707,-63.76,0,"k@ster",40.676,-99.512,0,"うよすま",-3.384,-115.486,0,"소솨소솨",-41.927,-93.952,128,2525.305,-38.776,-85.288,2525.48,8,"소솨소솨",-36.637,-81.996,0,0,,,,,324,1
91,4,0,0,4,0,0,2,0,0,0,255,255,255,50,2550.153,"Riyaj",R,26,86,139,0.692,0.114,0.25,1.878,0.23,1.483,-36.788,28.255,89,11,0,0,0,45.411,-177.745,-1.589,0,0,0,1,6,R,"YukihiroD",174.3,80,0.4,0,68,W,Y,0,0,0,0,0,0,0,0,0,0,0,0,0,0,0,0,0.002,-37.505,0,"_Chun",0.08,-17.622,0,"_Gosomi",-23.538,-49.636,0,"ゆっち一",-14.963,-63.061,0,"Yaksok~",17.319,-46.664,0,"ddil_ddil69",13.883,-64.255,0,"k@ster",38.533,-101.885,0,"うよすま",-5.698,-115.281,0,"소솨소솨",-41.948,-94.949,0,0,0,0,0,0,"",0,0,0,0,2551.664,,,,0,0
92,4,0,0,4,0,1,2,0,0,0,255,255,255,51,2564.562,"Riyaj",R,10,70,101,1.431,-0.724,0.424,1.985,0.695,1.791,-36.788,32.771,96,4,0,2,0,-39.367,368.645,4.028,0,0,1,1,6,R,"YukihiroD",174.3,80,0.4,3,68,W,Y,2565.839,255,92,97,43,29,145,126,-30,-27.324,0.7,0,0.763,-302.421,-345.658,-357.01,0.025,-37.395,0,"_Chun",0.074,-17.642,0,"_Gosomi",-23.394,-49.579,91,"ゆっち一",-14.838,-63.414,112,"Yaksok~",17.004,-46.928,0,"ddil_ddil69",13.858,-64.249,0,"k@ster",38.63,-101.869,0,"うよすま",-4.599,-115.82,0,"소솨소솨",-40.29,-90.186,0,2565.897,0.874,-21.86,2569.247,6,"k@ster",35.283,-87.894,1,0,,,,,456,2
93,4,0,0,4,0,0,2,1,0,0,16,255,255,52,2592.569,"Riyaj",R,13,74,101,0.305,-0.693,0.423,2.013,0.692,1.857,-36.788,37.363,90,10,0,0,0,-269.268,399.773,1.272,0,0,0,2,5,L,"눈꽃",175,80,0.497,0,73,W,Y,0,0,0,0,0,0,0,0,0,0,0,0,0,0,0,0,0.339,-37.691,0,"_Chun",0.135,-18.441,0,"_Gosomi",-19.47,-39.933,0,"ゆっち一",-0.127,-59.233,0,"Yaksok~",18.513,-48.384,0,"ddil_ddil69",17.418,-62.023,0,"k@ster",47.837,-101.33,0,"うよすま",3.91,-117.477,0,"소솨소솨",-38.385,-94.224,0,0,0,0,0,0,"",0,0,0,0,2594.355,2596.848,,,0,0
94,4,0,0,4,0,1,2,0,1,0,255,16,255,53,2615.295,"Riyaj",R,10,82,109,0.077,-2.732,0.208,1.296,0.026,0.176,-36.788,28.456,47,53,0,1,0,0,400,7.363,0.593,-20.776,0,2,5,L,"눈꽃",175,80,0.497,0,73,W,Y,0,0,0,0,0,0,0,0,0,0,0,0,0,0,0,0,0.071,-37.547,0,"_Chun",0.283,-17.745,0,"_Gosomi",-19.557,-45.597,0,"ゆっち一",-8.603,-61.452,0,"Yaksok~",19,-47.907,0,"ddil_ddil69",16.804,-62.604,0,"k@ster",46.879,-101.286,0,"うよすま",4.984,-114.524,0,"소솨소솨",-36.188,-90.756,0,0,0,0,0,0,"",0,0,0,0,2619.263,,,,0,0
95,4,0,0,4,1,1,2,0,1,0,255,16,255,54,2635.947,"Riyaj",R,26,83,135,-1.918,-1.466,0.006,1.612,-0.9,0.546,-36.788,7.828,55,45,0,1,0,44.007,-200,13.423,0,0,0,2,5,L,"눈꽃",175,80,0.497,0,73,W,Y,0,0,0,0,0,0,0,0,0,0,0,0,0,0,0,0,-0.08,-37.426,0,"_Chun",0.338,-17.671,0,"_Gosomi",-21.142,-46.593,0,"ゆっち一",-4.273,-62.432,0,"Yaksok~",18.406,-48.576,0,"ddil_ddil69",16.804,-62.597,0,"k@ster",46.937,-101.358,0,"うよすま",7.075,-117.833,0,"소솨소솨",-36.897,-91.549,0,0,0,0,0,0,"",0,0,0,0,2637.43,2638.227,,,0,0
96,4,0,0,4,2,1,2,0,1,0,255,16,255,55,2651.933,"Riyaj",R,27,77,128,1.151,2.486,0.277,2.283,0.359,2.905,-36.788,59.432,78,19,2,1,0,86.068,-109.113,3.678,0,0,0,2,5,L,"눈꽃",175,80,0.497,0,73,W,Y,0,0,0,0,0,0,0,0,0,0,0,0,0,0,0,0,-0.15,-37.228,0,"_Chun",-0.079,-17.279,0,"_Gosomi",-21.086,-46.674,0,"ゆっち一",-2.852,-61.48,0,"Yaksok~",18.404,-48.583,0,"ddil_ddil69",16.622,-62.359,0,"k@ster",46.907,-101.243,0,"うよすま",4.58,-116.254,0,"소솨소솨",-33.847,-88.469,0,0,0,0,0,0,"",0,0,0,0,2653.489,2654.472,,,0,0
97,4,0,0,4,3,1,2,0,1,0,255,16,255,56,2666.217,"Riyaj",R,26,90,140,-0.946,1.055,0.046,1.845,-0.717,1.365,-36.788,15.072,48,52,0,2,0,64.453,-170.299,7.509,0,0,1,2,5,L,"눈꽃",175,80,0.497,3,73,W,Y,2667.38,255,107,84,78,24,145,118,25.669,-4.411,0.22,0,0.392,325.973,-267.11,-198.213,-0.069,-37.041,0,"_Chun",-0.13,-17.385,0,"_Gosomi",-20.985,-46.688,0,"ゆっち一",-6.75,-63.138,0,"Yaksok~",18.918,-49.196,0,"ddil_ddil69",16.354,-62.378,0,"k@ster",46.921,-101.189,0,"うよすま",5.525,-117.815,0,"소솨소솨",-34.26,-85.266,0,0,0,0,2672.747,7,"うよすま",14.383,-121.11,0,0,,,2674.172,,16,1
98,5,1,0,4,0,0,0,0,0,0,255,255,255,40,2744.283,"Penguin_iDOL",R,14,82,107,-0.2,0.601,-0.058,2.104,-0.765,2.434,-36.493,41.392,86,14,0,0,0,359.968,336.237,15.777,0,0,1,5,5,L,"ddil_ddil69",176.3,89.899,0.397,0,67,W,Y,0,0,0,0,0,0,0,0,0,0,0,0,0,0,0,0,0.07,-37.513,0,"HANA_ARASHI",-0.177,-17.257,0,"Kr_Luna",-18.124,-47.825,0,"아침땅_",-12.233,-65.032,0,"시즈카_Shizuka",24.013,-52.709,0,"눈꽃",12.402,-65.108,0,"YukihiroD",38.245,-92.818,0,"Gonyong",8.022,-108.126,0,"SUGUN",-45.029,-91.797,0,0,0,0,0,0,"",0,0,0,0,2745.997,,,,0,0
99,5,1,0,4,0,1,0,0,0,0,255,255,255,41,2766.301,"Penguin_iDOL",R,3,82,109,-1.989,-0.603,0.197,1.784,-0.185,1.347,-36.493,25.907,93,7,0,1,0,-372.915,65.987,4.204,0,0,0,5,5,L,"ddil_ddil69",176.3,89.899,0.397,0,38,W,Y,0,0,0,0,0,0,0,0,0,0,0,0,0,0,0,0,-0.037,-37.751,0,"HANA_ARASHI",-0.209,-17.461,0,"Kr_Luna",-19.6,-46.473,0,"아침땅_",-12.163,-65.126,0,"시즈카_Shizuka",24.502,-52.765,0,"눈꽃",11.069,-65.812,0,"YukihiroD",37.379,-93.238,0,"Gonyong",8.118,-106.456,0,"SUGUN",-45.164,-91.898,0,0,0,0,0,0,"",0,0,0,0,2767.93,,,,0,0
100,5,1,0,4,0,2,0,0,0,0,255,255,255,42,2784.976,"Penguin_iDOL",R,26,84,136,0.256,2.526,0.254,2.089,0.15,2.908,-36.493,51.743,79,18,3,4,0,-33.331,-166.284,14.726,0,0,1,5,5,L,"ddil_ddil69",176.3,89.899,0.397,0,38,W,Y,0,0,0,0,0,0,0,0,0,0,0,0,0,0,0,0,-0.081,-37.568,0,"HANA_ARASHI",-0.142,-17.366,0,"Kr_Luna",-19.485,-46.569,0,"아침땅_",-12.199,-65.084,0,"시즈카_Shizuka",24.095,-53.867,0,"눈꽃",12.345,-67.129,0,"YukihiroD",37.694,-93.077,0,"Gonyong",6.403,-107.961,0,"SUGUN",-45.153,-91.919,0,0,0,0,0,0,"",0,0,0,0,2786.497,,,,0,0
101,5,1,0,4,0,0,1,0,0,0,255,255,255,43,2806.877,"Penguin_iDOL",R,10,85,127,0.97,-0.225,0.289,1.824,0.414,1.899,-36.493,29.937,71,29,0,0,0,0,400,44.035,0,0,0,6,2,R,"_Gosomi",175.4,85.099,0.49,0,67,W,Y,0,0,0,0,0,0,0,0,0,0,0,0,0,0,0,0,0.114,-38.058,0,"HANA_ARASHI",-0.119,-17.315,0,"Kr_Luna",-19.8,-46.277,0,"아침땅_",-15.831,-63.043,0,"시즈카_Shizuka",23.26,-52.962,0,"눈꽃",8.267,-66.322,0,"YukihiroD",36.28,-92.057,0,"Gonyong",-3.907,-104.223,0,"SUGUN",-39.83,-86.686,0,0,0,0,0,0,"",0,0,0,0,2808.305,,,,0,0
102,5,1,0,4,0,1,1,0,0,0,255,255,255,44,2825.668,"Penguin_iDOL",R,14,83,122,2.237,-1.459,0.25,1.86,0.393,1.16,-36.493,33.551,80,20,0,2,0,359.176,347.84,14.235,0,0,0,6,2,R,"_Gosomi",175.4,85.099,0.49,3,67,W,Y,2826.758,203,61,103,128,97,145,127,-30,-11.862,0.49,0,0.538,-170.395,-129.078,-94.766,0.411,-37.247,0,"HANA_ARASHI",0.052,-17.423,0,"Kr_Luna",-20.036,-45.767,77,"아침땅_",-15.727,-62.994,0,"시즈카_Shizuka",23.323,-53.344,0,"눈꽃",12.567,-65.166,0,"YukihiroD",36.28,-92.059,0,"Gonyong",-3.903,-104.237,0,"SUGUN",-50.167,-97.574,0,2826.864,0.597,-21.053,2829.013,5,"눈꽃",7.73,-61.39,0,0,,,,,36,2
103,5,1,0,4,0,0,2,0,0,0,255,255,255,45,2851.188,"Penguin_iDOL",R,13,78,115,-2.833,-2.725,0.07,1.691,-0.603,0.64,-36.493,14.32,66,34,0,2,0,-365.612,341.069,6.458,0,0,1,7,6,R,"k@ster",160,95.017,0.646,3,67,W,Y,2852.106,160,137,63,86,60,138,93,-30,44.85,0.94,0,0.314,188.485,-313.536,75.15,-0.002,-36.913,0,"HANA_ARASHI",-0.181,-17.013,0,"Kr_Luna",-19.548,-44.327,71,"아침땅_",-16.296,-62.774,0,"시즈카_Shizuka",22.693,-52.982,0,"눈꽃",3.129,-67.26,0,"YukihiroD",34.383,-93.35,0,"Gonyong",0.581,-95.705,0,"SUGUN",-39.563,-83.535,0,2852.097,-0.729,-20.378,2853.755,2,"Kr_Luna",-18.297,-42.752,0,0,2889.847,,,,162,2
104,5,0,0,4,0,0,0,0,0,0,255,255,255,57,2956.543,"ddil_ddil69",R,13,61,104,-1.056,-0.953,0.52,2.059,0.231,1.565,-36.68,38.255,92,8,0,2,0,-350.533,335.47,6.503,0,0,1,3,4,R,"시즈카_Shizuka",175.3,85.33,0.496,3,67,W,Y,2957.893,255,110,118,74,101,145,82,29.174,-31.667,1,0,0.734,229.232,-524.392,54.962,0.239,-37.406,0,"_Chun",0.034,-17.505,0,"_Gosomi",-22.481,-48.592,0,"ゆっち一",-14.017,-64.119,85,"Yaksok~",20.529,-50.91,0,"Riyaj",13.044,-64.099,0,"k@ster",38.78,-102.382,0,"うよすま",-0.738,-110.964,0,"소솨소솨",-38.073,-91.144,0,2962.43,41.149,-72.009,2964.055,6,"k@ster",49.505,-80.411,1,0,,,,,168,2
105,5,0,0,4,0,0,0,1,0,0,14,255,255,58,2982.1,"ddil_ddil69",R,26,72,124,-1.321,-0.188,0.36,1.979,-0.48,1.249,-36.68,20.722,100,0,0,0,0,-67.411,-200,0.124,0,0,0,4,9,L,"하루（Haru）",169.7,85.172,0.403,0,67,W,Y,0,0,0,0,0,0,0,0,0,0,0,0,0,0,0,0,0.236,-37.702,0,"_Chun",0.029,-17.436,0,"_Gosomi",-21.287,-43.74,0,"ゆっち一",-8.645,-64.701,0,"Yaksok~",19.534,-47.672,0,"Riyaj",13.558,-62.449,0,"k@ster",42.497,-99.074,0,"うよすま",3.926,-113.761,0,"소솨소솨",-32.611,-86.709,0,0,0,0,0,0,"",0,0,0,0,2983.78,,,,0,0
106,5,0,0,4,0,1,0,1,0,0,14,255,255,59,2994.924,"ddil_ddil69",R,6,67,108,2.179,0.117,0.463,2.091,-0.003,1.656,-36.68,36.261,95,5,0,2,0,490.909,0,2.54,0,0,1,4,9,L,"하루（Haru）",169.7,85.172,0.403,3,67,W,Y,2996.233,255,80,98,61,45,145,88,27.534,-60.032,0.96,0,0.27,342.448,289.24,-19.576,0.126,-36.987,0,"_Chun",0.013,-17.408,0,"_Gosomi",-21.065,-47.233,0,"ゆっち一",-7.901,-63.214,0,"Yaksok~",19.49,-47.628,0,"Riyaj",13.562,-62.269,0,"k@ster",42.339,-99.082,0,"うよすま",5.308,-114.536,0,"소솨소솨",-32.688,-84.503,0,2999.347,50.31,-52.267,0,0,"",0,0,0,0,,,,,32,3
107,5,0,0,4,0,2,0,1,0,0,14,255,255,60,3016.605,"ddil_ddil69",R,26,68,121,-1.68,0.425,0.325,2.072,-0.644,1.588,-36.68,30.254,100,0,0,2,0,-60.085,-200,-2.646,0,0,1,4,9,L,"하루（Haru）",169.7,85.172,0.403,3,31,W,Y,3017.86,187,89,91,47,39,145,82,41.366,-39.223,-0.89,0,0.243,-284.227,-423.317,20.338,0.274,-37.5,0,"_Chun",0.075,-17.924,0,"_Gosomi",-20.406,-46.869,0,"ゆっち一",-1.054,-59.858,0,"Yaksok~",21.359,-48.284,89,"Riyaj",13.616,-62.376,0,"k@ster",48.246,-95.549,0,"うよすま",9.236,-112.17,0,"소솨소솨",-31.12,-81.002,0,3022.43,43.796,-64.942,3023.838,6,"k@ster",50.56,-70.481,1,0,,3020.228,,,161,2
108,5,0,0,4,0,0,0,1,1,0,19,14,255,61,3042.445,"ddil_ddil69",R,26,74,125,-0.933,0.266,0.398,2.062,-0.304,1.56,-36.68,31.866,100,0,0,0,0,-73.154,-200,-10.511,0,0,0,5,2,L,"Kr_Luna",190,95.256,0.499,0,67,W,Y,0,0,0,0,0,0,0,0,0,0,0,0,0,0,0,0,0.263,-37.312,0,"_Chun",0.004,-17.413,0,"_Gosomi",-21.359,-49.124,0,"ゆっち一",-5.98,-65.375,0,"Yaksok~",18.74,-46.436,0,"Riyaj",14.227,-61.252,0,"k@ster",54.202,-102.595,0,"うよすま",22.303,-122.2,0,"소솨소솨",-33.535,-86.539,0,0,0,0,0,0,"",0,0,0,0,3043.78,3044.492,,,0,0
109,5,0,0,4,0,1,0,1,1,0,19,14,255,62,3059.952,"ddil_ddil69",R,10,62,107,-2.318,-1.572,0.246,1.944,-1.014,1.178,-36.68,16.658,79,21,0,1,0,0,400,27.396,-0.503,-18.645,0,5,2,L,"Kr_Luna",190,95.256,0.499,0,67,W,Y,0,0,0,0,0,0,0,0,0,0,0,0,0,0,0,0,0.181,-37.453,0,"_Chun",-0.047,-17.267,0,"_Gosomi",-20.276,-43.826,0,"ゆっち一",-3.661,-63.234,0,"Yaksok~",18.687,-47.464,0,"Riyaj",14.195,-61.212,0,"k@ster",54.276,-102.201,0,"うよすま",18.841,-122.986,0,"소솨소솨",-31.403,-85.391,0,0,0,0,0,0,"",0,0,0,0,3061.313,3061.727,,,0,0
110,5,0,0,4,1,1,0,1,1,0,19,14,255,63,3078.823,"ddil_ddil69",R,26,67,120,-1.187,-0.71,0.364,1.872,-0.462,0.944,-36.68,15.908,32,68,0,0,0,-40.472,-200,22.205,0,0,0,5,2,L,"Kr_Luna",190,95.256,0.499,0,67,W,Y,0,0,0,0,0,0,0,0,0,0,0,0,0,0,0,0,0.224,-37.517,0,"_Chun",0.014,-17.312,0,"_Gosomi",-20.074,-46.145,0,"ゆっち一",-4.728,-63.992,0,"Yaksok~",18.718,-47.502,0,"Riyaj",14.08,-61.424,0,"k@ster",52.621,-102.356,0,"うよすま",13.964,-123.234,0,"소솨소솨",-31.577,-81.207,0,0,0,0,0,0,"",0,0,0,0,3080.188,3081.44,,,0,0
111,5,0,0,4,1,2,0,1,1,0,19,14,255,64,3094.25,"ddil_ddil69",R,26,82,133,-0.547,0.675,0.383,2.196,-0.233,1.828,-36.68,35.663,77,23,0,2,0,-11.913,-200,10.618,0,0,0,5,2,L,"Kr_Luna",190,95.256,0.499,3,67,W,Y,3095.203,182,103,87,39,14,141,103,13.364,-42.275,0.91,0,0.122,-211.639,-98.131,6.902,0.158,-37.222,0,"_Chun",-0.005,-17.046,0,"_Gosomi",-20.234,-45.077,0,"ゆっち一",-6.249,-64.529,69,"Yaksok~",18.712,-47.477,0,"Riyaj",14.29,-61.9,0,"k@ster",52.63,-102.37,0,"うよすま",18.11,-123.257,0,"소솨소솨",-30.083,-76.696,0,0,0,0,3096.922,4,"Yaksok~",22.01,-42.677,0,0,,3101.321,,,41,1
112,5,0,0,4,0,0,1,1,1,0,19,14,255,65,3122.691,"ddil_ddil69",R,26,74,125,-1.203,-1.399,0.34,1.78,-0.434,0.545,-36.68,23.226,58,42,0,1,0,-64.708,-200,-1.477,0,0,0,6,8,R,"SUGUN",180,82.092,0.496,0,68,W,Y,0,0,0,0,0,0,0,0,0,0,0,0,0,0,0,0,0.153,-37.522,0,"_Chun",1.633,-20.012,0,"_Gosomi",-21.26,-45.01,0,"ゆっち一",-12.663,-64.884,0,"Yaksok~",20.693,-45.789,0,"Riyaj",9.766,-59.641,0,"k@ster",40.135,-100.884,0,"うよすま",-2.644,-113.865,0,"소솨소솨",-39.095,-93.768,0,0,0,0,0,0,"",0,0,0,8,3124.239,,3126.593,,0,0
113,5,0,0,4,1,0,2,1,0,0,19,255,255,66,3141.11,"ddil_ddil69",R,26,83,134,-1.141,0.925,0.342,2.214,-0.393,1.939,-36.68,41.294,100,0,0,0,0,-79.386,-200,0.852,0,0,0,6,8,R,"SUGUN",180,82.092,0.496,0,68,W,Y,0,0,0,0,0,0,0,0,0,0,0,0,0,0,0,0,0.44,-37.734,0,"_Chun",-0.037,-17.512,0,"_Gosomi",-20.622,-44.396,0,"ゆっち一",-13.107,-63.464,0,"Yaksok~",21.808,-46.69,0,"Riyaj",9.413,-63.754,0,"k@ster",33.706,-95.567,0,"うよすま",-4.428,-115.081,0,"소솨소솨",-43.564,-95.832,0,0,0,0,0,0,"",0,0,0,0,3142.672,3143.538,,,0,0
114,5,0,0,4,1,1,2,0,1,0,255,19,255,67,3158.878,"ddil_ddil69",R,26,63,116,3.141,1.118,0.646,2.174,1.227,2.032,-36.68,58.358,89,11,0,1,0,69.991,-200,5.711,0,0,0,6,8,R,"SUGUN",180,82.092,0.496,0,68,W,Y,0,0,0,0,0,0,0,0,0,0,0,0,0,0,0,0,0.364,-37.642,0,"_Chun",-0.01,-17.514,0,"_Gosomi",-21.743,-45.781,0,"ゆっち一",-13.19,-64.498,0,"Yaksok~",21.008,-45.586,0,"Riyaj",10.566,-61.684,0,"k@ster",39.928,-101.554,0,"うよすま",-4.877,-115.123,0,"소솨소솨",-38.303,-92.524,0,0,0,0,0,0,"",0,0,0,0,3160.447,3161.999,,,0,0
115,5,0,0,4,2,1,2,0,1,0,255,19,255,68,3173.462,"ddil_ddil69",R,35,78,128,-0.504,0.074,0.443,2.199,-0.145,1.846,-36.68,40.027,95,5,0,2,0,-57.769,200,-29.873,0,0,1,6,8,R,"SUGUN",180,82.092,0.496,3,68,W,Y,3174.638,193,26,40,21,8,102,102,-15.001,17.054,0.81,0,0.094,191.282,148.258,-141.27,0.24,-37.224,0,"_Chun",-0.018,-17.529,0,"_Gosomi",-21.631,-45.963,0,"ゆっち一",-14.576,-63.821,95,"Yaksok~",18.431,-47.929,0,"Riyaj",9.685,-61.078,0,"k@ster",39.724,-101.714,0,"うよすま",-6.283,-116.259,0,"소솨소솨",-37.945,-91.143,0,3174.805,-1.107,-22.885,3176.772,3,"ゆっち一",-10.29,-57.252,0,0,,,3180.107,,72,2
116,6,1,0,4,0,0,0,0,0,0,255,255,255,46,3223.497,"HANA_ARASHI",R,14,83,121,1.235,2.668,0.307,2.534,-0.061,3.678,-36.739,77.442,91,9,0,1,0,351.247,355.845,-14.423,0,0,0,8,5,R,"Riyaj",190,80,0.2,0,38,W,Y,0,0,0,0,0,0,0,0,0,0,0,0,0,0,0,0,0.261,-37.112,0,"Penguin_iDOL",0.098,-16.434,0,"Kr_Luna",-19.384,-47.652,0,"아침땅_",-17.289,-63.477,0,"시즈카_Shizuka",23.653,-51.881,0,"눈꽃",7.633,-67.411,0,"YukihiroD",34.759,-94.475,0,"Gonyong",-7.834,-111.392,0,"SUGUN",-45.999,-91.634,0,0,0,0,0,0,"",0,0,0,0,3225.297,,,,0,0
117,6,1,0,4,1,0,0,0,0,0,255,255,255,47,3238.48,"HANA_ARASHI",R,26,87,140,1.678,1.903,0.553,2.443,0.695,2.603,-36.739,58.6,79,21,0,1,0,14.037,-200,-17.183,0,0,0,8,5,R,"Riyaj",190,80,0.2,0,38,W,Y,0,0,0,0,0,0,0,0,0,0,0,0,0,0,0,0,0.436,-37.466,0,"Penguin_iDOL",0.156,-16.6,0,"Kr_Luna",-19.096,-47.903,0,"아침땅_",-17.473,-64.389,0,"시즈카_Shizuka",23.43,-52.647,0,"눈꽃",7.34,-67.362,0,"YukihiroD",34.507,-94.207,0,"Gonyong",-7.844,-111.713,0,"SUGUN",-46.004,-91.797,0,0,0,0,0,0,"",0,0,0,0,3240.03,,,,0,0
118,6,1,0,4,2,0,0,0,0,0,255,255,255,48,3252.238,"HANA_ARASHI",R,26,85,137,1.756,-0.553,0.581,2.066,0.822,1.058,-36.739,31.9,43,57,0,2,0,-52.895,-200,-0.384,0,0,1,8,5,R,"Riyaj",190,80,0.2,3,38,W,Y,3253.338,220,61,78,68,62,145,101,-60.163,41.452,-0.29,0,0.258,53.033,-437.819,-251.975,0.28,-37.247,0,"Penguin_iDOL",0.134,-17.099,0,"Kr_Luna",-19.3,-47.081,81,"아침땅_",-17.413,-65.864,0,"시즈카_Shizuka",22.14,-54.326,0,"눈꽃",7.121,-67.39,0,"YukihiroD",33.969,-94.879,0,"Gonyong",-7.989,-111.411,0,"SUGUN",-45.987,-91.819,0,3253.463,-0.138,-21.445,3255.855,2,"Kr_Luna",-22.016,-41.361,0,0,,,,,32,2
119,6,1,0,4,2,1,0,0,0,0,255,255,255,49,3271.479,"HANA_ARASHI",R,13,73,114,1.73,0.196,0.622,2.424,1.014,2.216,-36.739,54.837,76,24,0,2,0,-154.879,400,16.341,0,0,1,8,5,R,"Riyaj",190,80,0.2,3,38,W,Y,3272.591,203,255,80,104,106,145,91,-46.612,31.727,-0.78,0,0.428,282.091,-420.319,-64.746,0.208,-37.092,0,"Penguin_iDOL",0.127,-17.011,0,"Kr_Luna",-18.965,-44.02,70,"아침땅_",-16.278,-63.826,98,"시즈카_Shizuka",21.648,-55.084,0,"눈꽃",2.258,-65.95,0,"YukihiroD",31.69,-93.369,0,"Gonyong",-5.243,-106.735,0,"SUGUN",-47.015,-90.063,0,3272.705,-0.355,-21.83,3276.205,3,"아침땅_",-15.498,-52.772,0,256,,,,,288,2
120,6,1,0,4,0,0,1,0,0,0,255,255,255,50,3297.919,"HANA_ARASHI",R,26,103,140,-1.484,-0.426,0.266,2.105,-0.644,1.139,-36.739,14.838,35,65,0,2,0,-7.957,-200,16.476,0,0,1,0,4,R,"Yaksok~",173.3,80,0.332,3,68,W,Y,3298.885,192,188,109,63,22,145,90,35.574,60.382,0.96,0,0.14,204.075,559.575,-13.093,0.176,-37.038,0,"Penguin_iDOL",-0.172,-17.146,0,"Kr_Luna",-20.162,-44.263,0,"아침땅_",-16.335,-62.632,0,"시즈카_Shizuka",23.216,-54.255,0,"눈꽃",8.509,-66.618,0,"YukihiroD",32.961,-94.525,0,"Gonyong",-9.802,-103.638,0,"SUGUN",-48.55,-90.538,0,3302.672,-63.219,-45.98,0,0,"",0,0,0,0,,,,,0,3
121,6,1,0,4,0,1,1,0,0,0,255,255,255,51,3314.962,"HANA_ARASHI",R,26,90,140,-1.242,0.255,0.396,2.214,-0.504,1.528,-36.739,29.212,80,20,0,2,0,-36.353,-200,1.337,0,0,1,0,4,R,"Yaksok~",173.3,80,0.332,3,68,W,Y,3315.984,255,231,75,68,20,145,90,91.425,-87.686,0.96,0,0.407,-290.672,143.124,-174.794,0.18,-37.133,0,"Penguin_iDOL",-0.135,-17.129,0,"Kr_Luna",-19.286,-46.076,0,"아침땅_",-16.572,-62.756,0,"시즈카_Shizuka",22.119,-55.942,0,"눈꽃",11.149,-65.431,0,"YukihiroD",32.523,-93.682,0,"Gonyong",-11.302,-103.239,0,"SUGUN",-48.474,-90.761,0,0,0,0,0,0,"",0,0,0,0,,,,,0,3
122,6,1,0,4,0,2,1,0,0,0,255,255,255,52,3332.021,"HANA_ARASHI",R,26,99,140,-2.813,-0.004,0.249,2.173,-1.186,1.379,-36.739,22.963,81,19,0,1,0,-34.732,-200,11.742,0,0,0,0,4,R,"Yaksok~",173.3,80,0.332,0,68,W,Y,0,0,0,0,0,0,0,0,0,0,0,0,0,0,0,0,0.111,-37.358,0,"Penguin_iDOL",-0.319,-16.827,0,"Kr_Luna",-19.465,-45.916,0,"아침땅_",-17.267,-62.213,0,"시즈카_Shizuka",22.952,-55.106,0,"눈꽃",3.991,-67.216,0,"YukihiroD",33.918,-95.602,0,"Gonyong",-12.164,-100.763,0,"SUGUN",-48.823,-89.61,0,0,0,0,0,0,"",0,0,0,0,3333.28,,,,0,0
123,6,1,0,4,1,2,1,0,0,0,255,255,255,53,3345.688,"HANA_ARASHI",R,26,88,140,1.804,2.387,0.58,2.516,0.771,2.747,-36.739,66.078,71,29,0,1,0,-2.242,-200,-4.898,0,0,0,0,4,R,"Yaksok~",173.3,80,0.332,0,68,W,Y,0,0,0,0,0,0,0,0,0,0,0,0,0,0,0,0,0.246,-37.407,0,"Penguin_iDOL",0.004,-16.587,0,"Kr_Luna",-19.579,-46.011,0,"아침땅_",-16.725,-62.586,0,"시즈카_Shizuka",21.915,-54.438,0,"눈꽃",6.631,-66.61,0,"YukihiroD",33.901,-95.603,0,"Gonyong",-12.185,-100.763,0,"SUGUN",-48.995,-89.627,0,0,0,0,0,0,"",0,0,0,0,3346.997,,,,0,0
124,6,1,0,4,0,0,2,0,0,0,255,255,255,54,3368.664,"HANA_ARASHI",R,13,82,120,-1.017,-0.264,0.409,2.325,0.023,1.896,-36.739,43.388,72,28,0,0,0,-279.78,400,23.428,0,0,0,1,1,L,"_Chun",190,80,0.455,0,68,W,Y,0,0,0,0,0,0,0,0,0,0,0,0,0,0,0,0,-0.011,-37.454,0,"Penguin_iDOL",-0.068,-16.811,0,"Kr_Luna",-15.791,-46.54,0,"아침땅_",-13.505,-66.307,0,"시즈카_Shizuka",24.42,-51.872,0,"눈꽃",14.893,-63.902,0,"YukihiroD",46.59,-99.648,0,"Gonyong",12.163,-124.226,0,"SUGUN",-36.597,-114.027,0,0,0,0,0,0,"",0,0,0,0,3370.114,,,,0,0
125,6,1,0,4,0,1,2,0,0,0,255,255,255,55,3390.604,"HANA_ARASHI",R,26,105,140,-1.227,0.208,0.297,2.215,-0.499,1.54,-36.739,23.66,76,24,0,0,0,-32.8,-200,17.417,0,0,1,1,1,L,"_Chun",190,80,0.455,0,68,W,Y,0,0,0,0,0,0,0,0,0,0,0,0,0,0,0,0,0.174,-37.315,0,"Penguin_iDOL",-0.18,-16.779,0,"Kr_Luna",-15.797,-46.488,0,"아침땅_",-13.378,-66.194,0,"시즈카_Shizuka",24.433,-51.97,0,"눈꽃",14.805,-63.948,0,"YukihiroD",47.358,-99.665,0,"Gonyong",7.399,-123.975,0,"SUGUN",-40.011,-112.22,0,0,0,0,0,0,"",0,0,0,0,3391.905,,,,0,0
126,6,1,0,4,0,2,2,0,0,0,255,255,255,56,3405.384,"HANA_ARASHI",R,26,95,140,-0.706,1.921,0.333,2.348,-0.33,2.621,-36.739,38.577,71,29,0,4,0,8.432,-200,10.783,0,0,1,1,1,L,"_Chun",190,80,0.455,0,68,W,Y,0,0,0,0,0,0,0,0,0,0,0,0,0,0,0,0,-0.22,-37.491,0,"Penguin_iDOL",-0.324,-17.203,0,"Kr_Luna",-16.806,-45.203,0,"아침땅_",-14.191,-67.68,0,"시즈카_Shizuka",24.057,-53.044,0,"눈꽃",12.898,-65.27,0,"YukihiroD",47.41,-99.675,0,"Gonyong",7.37,-123.948,0,"SUGUN",-40.416,-111.93,0,0,0,0,0,0,"",0,0,0,0,3406.697,,,,0,0
127,6,0,0,4,0,0,0,0,0,0,255,255,255,69,3452.866,"ddil_ddil69",R,10,67,110,0.255,-1.49,0.461,1.991,0.099,1.198,-36.68,35.513,85,15,0,4,0,0,400,6.481,0,0,1,7,1,R,"Penguin_iDOL",190,80,0.404,0,69,W,Y,0,0,0,0,0,0,0,0,0,0,0,0,0,0,0,0,0.237,-37.556,0,"_Chun",-0.028,-17.482,0,"_Gosomi",-21.59,-46.685,0,"ゆっち一",-14.035,-64.383,0,"Yaksok~",17.356,-47.734,0,"Riyaj",12.373,-61.851,0,"k@ster",38.848,-102.695,0,"うよすま",-4.351,-117.016,0,"소솨소솨",-42.569,-96.145,0,0,0,0,0,0,"",0,0,0,0,3454.405,,,,0,0
128,6,0,0,4,0,1,0,0,0,0,255,255,255,70,3469.613,"ddil_ddil69",R,26,86,140,-1.777,-0.891,0.297,1.845,-0.775,0.858,-36.68,19.522,49,51,0,4,0,-6.887,-200,11.068,0,0,1,7,1,R,"Penguin_iDOL",190,80,0.404,0,69,W,Y,0,0,0,0,0,0,0,0,0,0,0,0,0,0,0,0,0.237,-37.601,0,"_Chun",-0.024,-17.486,0,"_Gosomi",-22.22,-47.044,0,"ゆっち一",-14.214,-64.483,0,"Yaksok~",18.547,-49.035,0,"Riyaj",9.892,-64.49,0,"k@ster",38.825,-102.709,0,"うよすま",-5.516,-116.793,0,"소솨소솨",-42.527,-95.764,0,0,0,0,0,0,"",0,0,0,0,3471.03,,,,0,0
129,6,0,0,4,0,2,0,0,0,0,255,255,255,71,3486.143,"ddil_ddil69",R,6,66,107,0.523,-0.208,0.308,2.034,-0.723,1.472,-36.68,26.966,93,7,0,2,0,486.364,0,15.275,0,0,1,7,1,R,"Penguin_iDOL",190,80,0.404,3,69,W,Y,3487.373,177,148,68,109,89,140,96,14.858,36.974,-0.4,0,0.488,-143.341,-300.424,-54.561,0.321,-37.135,0,"_Chun",-0.013,-17.48,0,"_Gosomi",-22.657,-48.678,85,"ゆっち一",-14.177,-64.462,0,"Yaksok~",18.553,-49.035,0,"Riyaj",9.855,-64.284,0,"k@ster",38.89,-102.808,0,"うよすま",-4.644,-116.732,0,"소솨소솨",-42.557,-95.78,0,0,0,0,3489.23,2,"_Gosomi",-19.002,-47.046,0,0,,,,,96,1
130,6,0,0,4,0,0,1,0,0,0,255,255,255,72,3508.935,"ddil_ddil69",R,26,78,128,0.118,-1.011,0.471,1.882,0.071,0.801,-36.68,33.405,56,44,0,2,0,-22.446,-200,-4.159,0,0,1,8,3,R,"아침땅_",164.7,94.757,0.5,3,68,W,Y,3509.999,112,109,112,90,31,137,102,10.586,24.436,0.84,0.143,0.371,-66.418,574.357,-25.515,0.141,-37.045,0,"_Chun",-0.005,-17.496,0,"_Gosomi",-23.63,-49.965,0,"ゆっち一",-14.116,-64.471,92,"Yaksok~",18.769,-48.936,0,"Riyaj",12.037,-63.235,0,"k@ster",36.622,-97.379,0,"うよすま",-4.546,-109.456,0,"소솨소솨",-41.731,-91.533,0,0,0,0,3512.164,3,"ゆっち一",-21.189,-59.795,0,0,,,,,40,1
131,6,0,0,4,0,0,2,0,0,0,255,255,255,73,3534.531,"ddil_ddil69",R,6,71,111,1.87,-0.567,0.439,1.98,-0.113,1.263,-36.68,29.791,93,7,0,2,0,493.984,0,28.308,0,0,0,0,7,R,"Gonyong",175,85,0.2,3,43,W,Y,3535.716,161,61,167,91,75,145,86,-15.424,-26.564,0.98,0.143,0.32,-428.766,235.409,-305.703,0.142,-37.025,0,"_Chun",0.024,-17.75,0,"_Gosomi",-22.684,-48.564,0,"ゆっち一",-14.238,-64.296,0,"Yaksok~",18.759,-48.925,104,"Riyaj",10.621,-62.637,0,"k@ster",38.629,-103.878,0,"うよすま",-2.707,-112.175,0,"소솨소솨",-42.596,-98.133,0,3535.855,1.449,-22.566,3537.597,4,"Yaksok~",14.111,-47.624,0,0,,,,,97,2
132,7,1,0,4,0,0,0,0,0,0,255,255,255,57,3584.484,"HANA_ARASHI",R,14,82,120,0.976,-0.896,0.347,2.31,-0.267,1.847,-36.739,45.275,84,16,0,2,0,351.21,355.881,-14.172,0,0,1,2,8,R,"소솨소솨",190,80,0.498,3,68,W,Y,3585.624,255,63,83,95,33,145,103,-20.52,-3.389,-0.22,0,0.463,-553.841,157.84,-65.455,0.179,-37.211,111,"Penguin_iDOL",-0.2,-17.106,0,"Kr_Luna",-19.073,-45.451,65,"아침땅_",-17.462,-65.59,0,"시즈카_Shizuka",23.398,-54.562,0,"눈꽃",8.754,-66.484,0,"YukihiroD",34.444,-96.598,0,"Gonyong",-12.583,-118.266,0,"SUGUN",-47.601,-95.427,0,3585.78,0.277,-22.197,3586.68,0,"HANA_ARASHI",1.328,-35.707,0,0,,,,,32,2
133,7,1,0,4,0,0,1,0,0,0,255,255,255,58,3608.968,"HANA_ARASHI",R,26,94,140,1.34,-0.895,0.54,2.017,0.631,0.86,-36.739,28.102,38,62,0,0,0,-46.36,-200,-4.123,0,0,0,3,3,L,"ゆっち一",180.9,83.623,0.399,0,67,W,Y,0,0,0,0,0,0,0,0,0,0,0,0,0,0,0,0,0.343,-37.329,0,"Penguin_iDOL",0.043,-16.894,0,"Kr_Luna",-18.87,-46.518,0,"아침땅_",-12.642,-67.11,0,"시즈카_Shizuka",23.967,-52.502,0,"눈꽃",13.179,-65.02,0,"YukihiroD",48.016,-108.225,0,"Gonyong",3.226,-125.324,0,"SUGUN",-45.203,-94.627,0,0,0,0,0,0,"",0,0,0,0,3610.347,,,,0,0
134,7,1,0,4,0,1,1,0,0,0,255,255,255,59,3621.272,"HANA_ARASHI",R,13,80,117,0.457,0.215,0.582,2.392,0.826,2.136,-36.739,57.579,69,31,0,2,0,-371.249,334.925,25.405,0,0,1,3,3,L,"ゆっち一",180.9,83.623,0.399,3,67,W,Y,3622.45,230,103,101,78,32,145,117,28.012,-36.924,0.18,0,0.284,234.447,-304.647,-7.377,0.187,-37.217,0,"Penguin_iDOL",0.099,-17.131,0,"Kr_Luna",-18.837,-46.504,0,"아침땅_",-13.536,-67.066,85,"시즈카_Shizuka",24.124,-52.068,0,"눈꽃",13.11,-64.884,0,"YukihiroD",47.472,-109.042,111,"Gonyong",3.328,-125.333,0,"SUGUN",-43.917,-97.228,0,3627.305,67.646,-96.736,3628.313,6,"YukihiroD",67.486,-97.494,1,0,,3632.35,,,258,2
135,7,1,0,4,0,0,1,0,1,0,255,3,255,60,3655.794,"HANA_ARASHI",R,13,86,126,-0.895,0.012,0.447,2.343,0.2,1.979,-36.739,52.831,86,14,0,0,0,-375.899,329.697,15.733,0,0,1,4,7,R,"うよすま",175.4,85,0.496,0,40,W,Y,0,0,0,0,0,0,0,0,0,0,0,0,0,0,0,0,0.17,-37.394,0,"Penguin_iDOL",0.246,-18.063,0,"Kr_Luna",-18.016,-45.736,0,"아침땅_",-16.299,-62.852,0,"시즈카_Shizuka",19.821,-45.573,0,"눈꽃",1.46,-61.191,0,"YukihiroD",36.101,-96.384,0,"Gonyong",-4.653,-111.239,0,"SUGUN",-47.335,-93.284,0,0,0,0,0,0,"",0,0,0,0,3657.147,3658.696,,,0,0
136,7,1,0,4,0,1,1,0,1,0,255,3,255,61,3672.395,"HANA_ARASHI",R,35,90,140,-2.191,-0.3,0.149,2.238,-1.185,1.611,-36.739,27.139,78,22,0,1,0,163.413,200,-0.728,0,0,0,4,7,R,"うよすま",175.4,85,0.496,0,40,W,Y,0,0,0,0,0,0,0,0,0,0,0,0,0,0,0,0,0.018,-37.567,0,"Penguin_iDOL",-0.291,-18.448,0,"Kr_Luna",-17.832,-45.809,0,"아침땅_",-16.2,-62.847,0,"시즈카_Shizuka",19.411,-41.124,0,"눈꽃",3.152,-62.156,0,"YukihiroD",36.223,-96.39,0,"Gonyong",-4.724,-112.678,0,"SUGUN",-46.446,-92.408,0,0,0,0,0,0,"",0,0,0,0,3673.772,3674.765,,,0,0
137,7,1,0,4,1,1,1,0,1,0,255,3,255,62,3690.133,"HANA_ARASHI",R,26,78,129,2.746,3.235,0.628,2.56,1.142,3.244,-36.739,75.293,74,26,0,2,0,22.498,-200,1.049,0,0,0,4,7,R,"うよすま",175.4,85,0.496,3,40,W,Y,3691.22,11,13,0,0,0,1,42,102.676,-78.381,0.93,0,0.091,101.393,194.26,34.26,0.358,-37.055,0,"Penguin_iDOL",0.08,-16.959,0,"Kr_Luna",-18.807,-45.302,0,"아침땅_",-16.161,-62.819,0,"시즈카_Shizuka",21.083,-50.893,0,"눈꽃",4.516,-61.788,0,"YukihiroD",36.085,-96.484,0,"Gonyong",-4.819,-112.618,0,"SUGUN",-46.952,-93.659,0,3694.739,-22.978,-13.118,0,0,"",0,0,0,0,,3694.671,,,0,3
138,7,1,0,4,1,2,1,0,1,0,255,3,255,63,3713.306,"HANA_ARASHI",R,10,75,115,-2.366,-1.5,0.224,2.137,-0.838,1.256,-36.739,20.227,96,4,0,1,0,-110.674,400,19.295,0,0,0,4,7,R,"うよすま",175.4,85,0.496,0,40,W,Y,0,0,0,0,0,0,0,0,0,0,0,0,0,0,0,0,0.057,-37.551,0,"Penguin_iDOL",0.898,-19.685,0,"Kr_Luna",-18.999,-45.575,0,"아침땅_",-16.318,-62.71,0,"시즈카_Shizuka",19.948,-40.823,0,"눈꽃",1.008,-61.187,0,"YukihiroD",36.156,-96.428,0,"Gonyong",-4.75,-112.58,0,"SUGUN",-46.211,-93.549,0,0,0,0,0,0,"",0,0,0,0,3714.813,,3717.096,,0,0
139,7,1,0,4,2,2,1,0,0,1,255,255,3,64,3735.12,"HANA_ARASHI",R,26,89,140,0.54,0.756,0.473,2.298,0.322,1.823,-36.739,35.641,78,22,0,2,0,-73.156,-200,3.286,0,0,1,4,7,R,"うよすま",175.4,85,0.496,3,40,W,Y,3736.117,255,36,89,16,0,137,110,102.691,-45.978,0.17,0,0.393,121.052,-107.375,56.899,0.317,-37.152,0,"Penguin_iDOL",-0.044,-17.031,0,"Kr_Luna",-18.826,-46.36,0,"아침땅_",-16.282,-62.635,0,"시즈카_Shizuka",21.342,-50.076,0,"눈꽃",3.862,-60.669,0,"YukihiroD",36.283,-96.36,0,"Gonyong",-7.841,-107.476,0,"SUGUN",-46.242,-93.489,0,0,0,0,0,0,"",0,0,0,0,,,3737.739,,0,3
140,7,1,0,4,2,2,1,0,0,1,255,255,3,65,3753.355,"HANA_ARASHI",R,26,93,140,0.413,0.969,0.467,2.136,0.29,1.956,-36.739,26.506,85,15,0,0,0,-90.393,-200,7.096,0,0,0,4,7,R,"うよすま",175.4,85,0.496,0,40,W,Y,0,0,0,0,0,0,0,0,0,0,0,0,0,0,0,0,0.292,-37.321,0,"Penguin_iDOL",-0.379,-16.879,0,"Kr_Luna",-19.53,-46.094,0,"아침땅_",-16.124,-62.938,0,"시즈카_Shizuka",18.617,-51.661,0,"눈꽃",3.323,-60.009,0,"YukihiroD",34.734,-95.207,0,"Gonyong",-7.714,-105.699,0,"SUGUN",-44.73,-91.038,0,0,0,0,0,0,"",0,0,0,0,3754.638,,3755.925,,0,0
141,7,1,0,4,0,0,2,0,0,1,255,255,3,66,3779.288,"HANA_ARASHI",R,13,81,118,-1.545,-0.245,0.37,2.336,-0.159,1.953,-36.739,34.962,69,31,0,4,0,-303.405,397.424,25.802,0,0,1,5,0,R,"ddil_ddil69",176.3,89.899,0.397,0,69,W,Y,0,0,0,0,0,0,0,0,0,0,0,0,0,0,0,0,0.185,-37.641,0,"Penguin_iDOL",-0.026,-16.473,0,"Kr_Luna",-19.471,-46.106,0,"아침땅_",-16.37,-62.856,0,"시즈카_Shizuka",20.989,-44.625,0,"눈꽃",2.884,-68.171,0,"YukihiroD",32.5,-96.727,0,"Gonyong",-9.942,-115.611,0,"SUGUN",-40.548,-86.192,0,0,0,0,0,0,"",0,0,0,0,3780.897,,3782.156,,0,0
142,7,1,0,4,0,1,2,0,0,1,255,255,3,67,3798.969,"HANA_ARASHI",R,26,87,140,1.379,1.108,0.527,2.357,0.57,2.029,-36.739,47.31,79,21,0,2,0,10.749,-200,0.022,0,0,1,5,0,R,"ddil_ddil69",176.3,89.899,0.397,3,38,W,Y,3800.102,198,17,84,36,1,140,120,25.389,47.463,0.25,0,0.521,-87.703,220.699,-105.478,0.234,-37.357,0,"Penguin_iDOL",-0.036,-17.014,0,"Kr_Luna",-19.479,-46.156,0,"아침땅_",-16.3,-62.74,0,"시즈카_Shizuka",20.851,-42.324,0,"눈꽃",3.884,-67.923,0,"YukihiroD",32.131,-95.803,0,"Gonyong",-9.941,-115.614,0,"SUGUN",-42.423,-87.72,0,3804.614,-79.075,-84.761,0,0,"",0,0,0,0,,,3810.042,3804.929,0,3
143,7,1,0,4,0,2,2,0,0,1,255,255,3,68,3822.464,"HANA_ARASHI",R,14,83,123,1.214,-0.911,0.45,2.216,0.212,1.534,-36.739,40.819,97,3,0,2,0,186.571,400,-7.515,0,0,1,5,0,R,"ddil_ddil69",176.3,89.899,0.397,3,69,W,Y,3823.646,255,38,53,82,22,137,127,-9.5,-19.163,0.49,0,0.643,-343.875,-37.481,-222.063,0.242,-37.158,0,"Penguin_iDOL",0.132,-17.361,0,"Kr_Luna",-19.617,-45.408,0,"아침땅_",-16.267,-62.783,0,"시즈카_Shizuka",21.021,-48.389,0,"눈꽃",2.294,-67.738,88,"YukihiroD",33.929,-95.572,102,"Gonyong",-11.296,-116.697,0,"SUGUN",-45.115,-86.616,0,3823.805,1.33,-23.567,3826.597,6,"YukihiroD",25.459,-84.968,1,0,,,,3828.164,6,2
144,7,1,1,4,0,0,2,1,0,0,0,255,255,69,3856.875,"HANA_ARASHI",R,26,82,133,1.194,1.014,0.515,2.337,0.515,1.959,-36.739,46.733,78,22,0,2,0,-7.407,-200,2.311,0,0,1,6,2,R,"_Gosomi",175.4,85.099,0.49,3,69,W,Y,3857.989,179,79,119,84,64,145,127,31.183,13.927,0.62,0,0.394,136.57,202.924,-61.781,0.249,-37.091,0,"Penguin_iDOL",-0.022,-17.054,120,"Kr_Luna",-19.136,-44.215,0,"아침땅_",-16.276,-62.537,89,"시즈카_Shizuka",19.521,-57.209,0,"눈꽃",5.769,-66.232,91,"YukihiroD",35.546,-94.321,0,"Gonyong",-9.468,-107.998,113,"SUGUN",-46.878,-89.898,0,3863.555,-32.237,-128.517,3865.805,0,"ddil_ddil69",-29.157,-122.463,1,0,3871.938,3863.065,3867.828,,389,2
145,7,1,1,4,0,0,2,0,1,1,255,2,0,70,3893.913,"HANA_ARASHI",R,26,89,140,0.853,-1.032,0.473,2.04,0.32,0.847,-36.739,32.515,46,54,0,0,0,26.154,-165.263,-0.338,0,0,0,7,6,R,"k@ster",160,95.017,0.646,0,69,W,Y,0,0,0,0,0,0,0,0,0,0,0,0,0,0,0,0,0.186,-37.302,0,"Penguin_iDOL",0.107,-16.67,0,"Kr_Luna",-18.856,-46.282,0,"아침땅_",-16.201,-62.644,0,"시즈카_Shizuka",20.856,-45.232,0,"눈꽃",2.634,-61.903,0,"YukihiroD",32.235,-94.805,0,"Gonyong",-2.13,-100.311,0,"SUGUN",-36.423,-82.916,0,0,0,0,0,0,"",0,0,0,0,3895.114,3895.797,3907.398,,0,0
146,7,1,1,4,0,1,2,0,1,1,255,2,0,71,3908.215,"HANA_ARASHI",R,26,88,140,1.476,2.086,0.537,2.458,0.618,2.455,-36.739,62.503,81,19,0,4,0,5.94,-200,-13.927,0,0,1,7,6,R,"k@ster",160,95.017,0.646,0,69,W,Y,0,0,0,0,0,0,0,0,0,0,0,0,0,0,0,0,0.239,-37.185,0,"Penguin_iDOL",0.045,-16.787,0,"Kr_Luna",-18.626,-46.533,0,"아침땅_",-16.302,-62.624,0,"시즈카_Shizuka",20.782,-45.368,0,"눈꽃",4.17,-62.093,0,"YukihiroD",32.207,-94.813,0,"Gonyong",-2.15,-100.129,0,"SUGUN",-35.92,-85.054,0,0,0,0,0,0,"",0,0,0,0,3909.513,3910.447,3911.716,,0,0
147,7,1,1,4,0,2,2,0,1,1,255,2,0,72,3921.981,"HANA_ARASHI",R,13,82,119,-4.351,-1.199,0.215,2.204,-1.345,1.477,-36.739,24.81,93,7,0,2,0,-323.333,381.387,30.555,0,0,1,7,6,R,"k@ster",160,95.017,0.646,3,69,W,Y,3923.005,143,109,64,64,35,138,123,-8.387,45.033,0.41,0,0.201,69.83,-114.608,21.769,0.065,-37.145,0,"Penguin_iDOL",-0.77,-17.076,0,"Kr_Luna",-19.504,-45.674,0,"아침땅_",-16.98,-62.219,0,"시즈카_Shizuka",21.33,-45.95,0,"눈꽃",3.472,-62.008,0,"YukihiroD",32.126,-94.837,0,"Gonyong",-2.197,-100.171,0,"SUGUN",-35.515,-84.924,0,3923.089,-3.016,-21.691,0,0,"",0,0,0,0,,3927.527,3928.621,,0,3
148,7,1,1,4,0,2,2,0,1,1,255,2,0,73,3940.904,"HANA_ARASHI",R,26,88,140,0.828,2.41,0.477,2.315,0.34,2.636,-36.739,39.343,71,29,0,4,0,4.156,-200,1.68,0,0,1,7,6,R,"k@ster",160,95.017,0.646,0,73,W,Y,0,0,0,0,0,0,0,0,0,0,0,0,0,0,0,0,0.263,-37.359,0,"Penguin_iDOL",-0.269,-17.174,0,"Kr_Luna",-19.5,-45.367,0,"아침땅_",-16.268,-62.869,0,"시즈카_Shizuka",20.965,-44.714,0,"눈꽃",5.687,-65.023,0,"YukihiroD",31.604,-92.367,0,"Gonyong",-1.509,-100.043,0,"SUGUN",-35.737,-84.972,0,0,0,0,0,0,"",0,0,0,0,3942.105,,,,0,0
149,7,0,1,4,0,0,0,0,0,0,255,255,255,74,3985.126,"ddil_ddil69",R,26,76,127,1.671,1.201,0.541,2.223,0.746,2.059,-36.68,53.567,99,1,0,2,0,-22.463,-200,-7.694,0,0,1,1,6,R,"YukihiroD",174.3,80,0.4,3,69,W,Y,3986.369,181,76,83,41,7,140,106,94.995,-75.204,0.11,0,0.518,98.962,335.97,-111.229,0.18,-37.267,0,"_Chun",-0.021,-17.587,0,"_Gosomi",-21.319,-47.528,0,"ゆっち一",-14.282,-64.416,0,"Yaksok~",18.624,-49.423,0,"Riyaj",11.589,-64.152,0,"k@ster",34.5,-101.693,0,"うよすま",-4.474,-115.799,0,"소솨소솨",-42.137,-97.384,0,0,0,0,0,0,"",0,0,0,0,,,,,32,3
150,7,0,1,4,0,1,0,0,0,0,255,255,255,75,4005.205,"ddil_ddil69",R,26,76,127,-0.046,-1.401,0.48,1.803,0.124,0.563,-36.68,26.947,55,45,0,1,0,-102.487,-200,-6.582,0.316,-21.365,0,1,6,R,"YukihiroD",174.3,80,0.4,0,69,W,Y,0,0,0,0,0,0,0,0,0,0,0,0,0,0,0,0,0.245,-37.707,0,"_Chun",-0.014,-17.766,0,"_Gosomi",-20.769,-46.342,0,"ゆっち一",-13.91,-64.377,0,"Yaksok~",19.333,-50.278,0,"Riyaj",12.263,-64.556,0,"k@ster",39.994,-98.254,0,"うよすま",-4.571,-114.279,0,"소솨소솨",-41.366,-91.559,0,0,0,0,0,0,"",0,0,0,0,4009.089,,,,0,0
151,7,0,1,4,1,1,0,0,0,0,255,255,255,76,4022.107,"ddil_ddil69",R,0,57,112,-0.911,0.28,0.359,2.118,-0.485,1.749,-36.68,40.429,97,3,0,0,0,42.317,0,-22.381,0,0,0,1,6,R,"YukihiroD",174.3,80,0.4,0,69,W,Y,0,0,0,0,0,0,0,0,0,0,0,0,0,0,0,0,0.328,-37.43,0,"_Chun",0.017,-17.845,0,"_Gosomi",-21.456,-47.114,0,"ゆっち一",-14.596,-63.904,0,"Yaksok~",19.318,-50.264,0,"Riyaj",11.784,-63.949,0,"k@ster",39.92,-98.058,0,"うよすま",-4.343,-111.456,0,"소솨소솨",-42.321,-92.132,0,0,0,0,0,0,"",0,0,0,0,4023.68,,,,0,0
152,7,0,1,4,1,2,0,0,0,0,255,255,255,77,4038.839,"ddil_ddil69",R,6,76,117,0.466,0.088,0.351,2.136,-0.524,1.812,-36.68,35,86,13,1,2,0,393.177,0,9.792,0,0,1,1,6,R,"YukihiroD",174.3,80,0.4,3,69,W,Y,4040.052,228,135,90,53,0,145,86,53.105,-12.522,-0.78,0,0.488,580.806,120.284,2.338,0.233,-36.789,0,"_Chun",0.093,-17.867,0,"_Gosomi",-22.609,-47.293,0,"ゆっち一",-13.527,-64.598,0,"Yaksok~",19.31,-50.263,0,"Riyaj",11.801,-63.978,88,"k@ster",39.996,-98.183,0,"うよすま",-4.202,-113.351,0,"소솨소솨",-42.145,-91.835,0,4045.914,10.926,-72.143,4046.022,5,"Riyaj",10.639,-70.454,0,0,,,,,288,1
153,7,0,1,4,0,0,1,0,0,0,255,255,255,78,4065.631,"ddil_ddil69",R,0,71,123,-2.471,-0.074,0.231,2.056,-1.084,1.533,-36.68,32.894,86,14,0,2,0,0,0,5.618,0,0,1,2,5,L,"눈꽃",175,80,0.497,3,69,W,Y,4066.874,255,127,85,73,33,145,127,18.042,26.04,0.67,0,0.443,-161.102,-528.099,127.518,0.183,-37.052,0,"_Chun",-0.044,-17.705,0,"_Gosomi",-19.603,-47.609,0,"ゆっち一",-11.099,-65.321,0,"Yaksok~",19.696,-49.918,0,"Riyaj",13.67,-64.693,0,"k@ster",48.304,-95.554,0,"うよすま",3.517,-114.988,0,"소솨소솨",-36.123,-93.316,0,4070.58,-33.746,-111.893,4074.305,7,"うよすま",-29.878,-121.463,1,0,,4076.575,,,48,2
154,7,0,1,4,0,0,1,0,1,0,255,15,255,79,4095.395,"ddil_ddil69",R,26,74,125,1.022,0.994,0.556,2.172,0.428,1.941,-36.68,38.848,96,4,0,0,0,0.103,-200,3.652,0,0,1,3,4,R,"시즈카_Shizuka",175.3,85.33,0.496,0,69,W,Y,0,0,0,0,0,0,0,0,0,0,0,0,0,0,0,0,0.277,-37.512,0,"_Chun",0.039,-17.694,0,"_Gosomi",-22.259,-47.728,0,"ゆっち一",-9.417,-63.287,0,"Yaksok~",17.567,-46.494,0,"Riyaj",7.414,-62.621,0,"k@ster",36.973,-105.187,0,"うよすま",3.974,-110.462,0,"소솨소솨",-41.727,-94.101,0,0,0,0,0,0,"",0,0,0,0,4096.98,4097.932,,,0,0
155,7,0,1,4,0,1,1,0,1,0,255,15,255,80,4111.029,"ddil_ddil69",R,10,70,112,1.436,-1.287,0.575,2.08,0.609,1.4,-36.68,35.232,89,11,0,2,0,0,400,7.363,0,0,0,3,4,R,"시즈카_Shizuka",175.3,85.33,0.496,3,69,W,Y,4112.327,255,43,97,100,60,145,85,-77.567,-76.815,-0.82,0,0.527,-299.046,-255.869,-365.238,0.236,-37.12,0,"_Chun",0.087,-17.681,0,"_Gosomi",-21.873,-47.629,0,"ゆっち一",-13.116,-64.441,0,"Yaksok~",19.628,-46.195,0,"Riyaj",8.593,-61.359,0,"k@ster",45.145,-99.613,0,"うよすま",2.805,-108.733,0,"소솨소솨",-43.575,-91.421,0,4112.306,0.576,-20.402,0,0,"",0,0,0,0,,4118.719,4113.577,,32,3
156,7,0,1,4,0,2,1,0,1,0,255,15,255,81,4130.806,"ddil_ddil69",R,32,63,116,0.902,0.452,0.49,2.066,-0.039,1.619,-36.68,40.696,83,17,0,0,0,239.446,-200,0.395,0,0,1,3,4,R,"시즈카_Shizuka",175.3,85.33,0.496,0,69,W,Y,0,0,0,0,0,0,0,0,0,0,0,0,0,0,0,0,0.265,-37.341,0,"_Chun",0.054,-17.829,0,"_Gosomi",-22.012,-47.454,0,"ゆっち一",-15.056,-63.863,0,"Yaksok~",18.603,-47.676,0,"Riyaj",8.414,-63.479,0,"k@ster",45.385,-96.039,0,"うよすま",3.389,-110.358,0,"소솨소솨",-42.43,-91.841,0,0,0,0,0,0,"",0,0,0,0,4132.422,4133.971,,,0,0
157,7,0,1,4,0,0,2,0,1,0,255,15,255,82,4151.595,"ddil_ddil69",R,26,80,130,-1.925,0.001,0.311,2.012,-0.712,1.368,-36.68,26.592,98,2,0,1,0,-91.106,-200,0.153,0,0,0,4,9,L,"하루（Haru）",169.7,85.172,0.403,0,69,W,Y,0,0,0,0,0,0,0,0,0,0,0,0,0,0,0,0,0.283,-37.302,0,"_Chun",0.161,-18.114,0,"_Gosomi",-21.402,-46.572,0,"ゆっち一",-10.75,-64.016,0,"Yaksok~",18.544,-46.563,0,"Riyaj",8.571,-60.24,0,"k@ster",46.118,-96.024,0,"うよすま",4.741,-114.617,0,"소솨소솨",-40.98,-90.988,0,0,0,0,0,0,"",0,0,0,0,4153.172,4154.638,,,0,0
158,7,0,1,4,1,0,2,0,1,0,255,15,255,83,4170.392,"ddil_ddil69",R,26,84,137,-0.723,1.093,0.416,2.187,-0.221,2.002,-36.68,36.078,98,2,0,0,0,-76.132,-200,15.81,0,0,0,4,9,L,"하루（Haru）",169.7,85.172,0.403,0,69,W,Y,0,0,0,0,0,0,0,0,0,0,0,0,0,0,0,0,0.302,-37.422,0,"_Chun",-0.019,-17.623,0,"_Gosomi",-21.128,-46.928,0,"ゆっち一",-8.325,-65.683,0,"Yaksok~",18.886,-44.406,0,"Riyaj",9.718,-61.348,0,"k@ster",47.029,-94.888,0,"うよすま",5.766,-113.927,0,"소솨소솨",-40.613,-90.817,0,0,0,0,0,0,"",0,0,0,0,4171.922,,4172.462,,0,0
159,7,0,1,4,1,1,2,0,0,1,255,255,15,84,4188.636,"ddil_ddil69",R,6,69,111,1.161,0.495,0.395,2.148,-0.321,1.863,-36.68,39.022,87,13,0,2,0,441.344,0,11.323,0,0,0,4,9,L,"하루（Haru）",169.7,85.172,0.403,3,69,W,Y,4189.93,255,65,55,62,44,137,125,-30,-44.651,0.35,0,0.318,273.423,94.157,-205.67,0.217,-37.001,0,"_Chun",-0.005,-17.561,0,"_Gosomi",-20.719,-46.874,0,"ゆっち一",-9.367,-66.739,0,"Yaksok~",18.426,-47.882,85,"Riyaj",12.137,-62.358,0,"k@ster",47.414,-95.708,85,"うよすま",5.656,-117.075,0,"소솨소솨",-37.522,-90.591,0,4190.014,1.887,-21.962,4196.413,6,"k@ster",73.613,-91.292,1,0,,4199.834,,4194.844,161,2
160,7,0,1,5,0,0,2,0,1,0,255,19,255,85,4235.703,"ddil_ddil69",R,26,77,127,-1.367,-0.265,0.371,1.96,-0.433,1.232,-36.68,29.556,100,0,0,0,0,-112.684,-200,2.133,0,0,0,5,2,L,"Kr_Luna",190,95.256,0.499,0,69,W,Y,0,0,0,0,0,0,0,0,0,0,0,0,0,0,0,0,0.159,-37.303,0,"_Chun",0.039,-17.734,0,"_Gosomi",-20.37,-48.31,0,"ゆっち一",-4.271,-63.764,0,"Yaksok~",19.728,-44.315,0,"Riyaj",14.359,-60.223,0,"k@ster",44.44,-94.484,0,"うよすま",12.316,-121.042,0,"소솨소솨",-40.087,-93.256,0,0,0,0,0,0,"",0,0,0,0,4236.938,,4237.067,,0,0
161,7,0,1,5,0,1,2,0,0,1,255,255,19,86,4250.181,"ddil_ddil69",R,38,30,91,-0.907,1.215,0.372,2.266,-0.408,2.38,-36.68,69.365,93,7,0,2,0,0,0,0,0,0,0,5,2,L,"Kr_Luna",190,95.256,0.499,3,69,W,Y,4251.295,171,51,69,47,33,137,98,20.663,-26.076,-0.18,0,0.131,267.544,-297.234,405.495,0.397,-37.003,0,"_Chun",0.068,-17.731,0,"_Gosomi",-21.924,-48.861,0,"ゆっち一",-9.527,-66.818,0,"Yaksok~",20.118,-49.573,0,"Riyaj",13.081,-62.855,0,"k@ster",49.328,-99.746,0,"うよすま",14.105,-119.127,0,"소솨소솨",-41.45,-94.57,0,4255.896,42.082,-96.319,4256.172,6,"k@ster",40.647,-94.083,0,0,,,,4255.76,128,1
162,8,1,1,5,0,0,0,0,0,0,255,255,255,74,4300.342,"HANA_ARASHI",R,26,104,140,0.721,0.037,0.487,2.181,0.384,1.431,-36.739,27.358,78,22,0,0,0,-61.621,-200,8.013,0,0,1,8,5,R,"Riyaj",190,80,0.2,0,69,W,Y,0,0,0,0,0,0,0,0,0,0,0,0,0,0,0,0,0.314,-37.446,0,"Penguin_iDOL",0.057,-17.399,0,"Kr_Luna",-20.336,-47.868,0,"아침땅_",-17.223,-64.84,0,"시즈카_Shizuka",21.801,-55.017,0,"눈꽃",6.04,-67.586,0,"YukihiroD",33.646,-97.998,0,"Gonyong",-8.184,-111.979,0,"SUGUN",-46.594,-96.336,0,0,0,0,0,0,"",0,0,0,0,4301.78,,,,0,0
163,8,1,1,5,0,1,0,0,0,0,255,255,255,75,4314.561,"HANA_ARASHI",R,26,89,140,1.337,-0.842,0.527,2.012,0.569,0.882,-36.739,18.908,32,68,0,2,0,-2.253,-200,5.676,0,0,1,8,5,R,"Riyaj",190,80,0.2,3,69,W,Y,4315.596,167,97,44,115,72,130,88,52.87,45.763,-0.48,0,0.357,213.762,-70.822,267.87,0.359,-37.162,0,"Penguin_iDOL",-0.166,-17.005,0,"Kr_Luna",-20.559,-47.835,0,"아침땅_",-17.776,-66.402,0,"시즈카_Shizuka",21.775,-54.594,0,"눈꽃",7.755,-67.257,0,"YukihiroD",34.883,-98.031,0,"Gonyong",-7.313,-109.472,0,"SUGUN",-46.308,-96.265,0,4320.697,-46.448,-64.924,0,0,"",0,0,0,0,,,,,0,3
164,8,1,1,5,0,2,0,0,0,0,255,255,255,76,4339.767,"HANA_ARASHI",R,26,83,135,1.373,2.39,0.527,2.447,0.571,2.904,-36.739,53.204,75,25,0,1,0,7.168,-200,5.973,0,0,0,8,5,R,"Riyaj",190,80,0.2,0,37,W,Y,0,0,0,0,0,0,0,0,0,0,0,0,0,0,0,0,0.331,-37.343,0,"Penguin_iDOL",-0.016,-17.411,0,"Kr_Luna",-19.561,-46.73,0,"아침땅_",-18.118,-66.063,0,"시즈카_Shizuka",21.705,-55.169,0,"눈꽃",8.465,-66.899,0,"YukihiroD",32.338,-98.034,0,"Gonyong",-9.725,-109.573,0,"SUGUN",-43.802,-87.783,0,0,0,0,0,0,"",0,0,0,0,4341.105,,,,0,0
165,8,1,1,5,1,2,0,0,0,0,255,255,255,77,4354.601,"HANA_ARASHI",R,26,98,140,0.786,0.824,0.481,2.147,0.357,1.932,-36.739,28.948,78,22,0,0,0,-21.426,-200,10.969,0,0,1,8,5,R,"Riyaj",190,80,0.2,0,37,W,Y,0,0,0,0,0,0,0,0,0,0,0,0,0,0,0,0,0.373,-37.527,0,"Penguin_iDOL",-0.287,-17.085,0,"Kr_Luna",-19.38,-46.905,0,"아침땅_",-18.143,-64.45,0,"시즈카_Shizuka",21.981,-55.775,0,"눈꽃",6.833,-66.677,0,"YukihiroD",32.4,-98.004,0,"Gonyong",-10.955,-109.449,0,"SUGUN",-43.876,-87.94,0,0,0,0,0,0,"",0,0,0,0,4355.88,,,,0,0
166,8,1,1,5,0,0,1,0,0,0,255,255,255,78,4372.117,"HANA_ARASHI",R,26,80,130,1.851,1.748,0.574,2.353,0.789,2.367,-36.739,48.565,85,15,0,2,0,-0.561,-200,-6.306,0,0,1,0,4,R,"Yaksok~",173.3,80,0.332,3,69,W,Y,4373.099,199,205,77,72,57,145,96,33.245,-29.949,-0.23,0,0.182,161.528,-416.407,-47.792,0.22,-37.03,0,"Penguin_iDOL",0.063,-17.132,0,"Kr_Luna",-20.661,-46.075,0,"아침땅_",-16.56,-62.591,97,"시즈카_Shizuka",23.217,-54.77,0,"눈꽃",5.986,-66.452,0,"YukihiroD",33.066,-97.918,113,"Gonyong",-10.912,-109.248,0,"SUGUN",-40.184,-84.798,0,4377.855,46.483,-83.402,4378.339,6,"YukihiroD",47.489,-84.332,1,0,,,,,258,2
167,8,1,1,5,0,0,1,1,0,0,4,255,255,79,4402.418,"HANA_ARASHI",R,13,66,107,2.023,0.031,0.673,2.283,1.437,2.08,-36.739,67.493,66,34,0,2,0,-379.786,312.348,3.955,0,0,1,1,0,L,"_Chun",190,80,0.455,3,69,W,Y,4403.487,195,144,53,93,60,137,91,11.648,6.137,-0.53,0,0.548,-288.406,-478.015,-97.304,-0.269,-37.08,0,"Penguin_iDOL",0.148,-18.035,0,"Kr_Luna",-18.138,-44.382,0,"아침땅_",-5.319,-65.394,93,"시즈카_Shizuka",23.704,-51.919,0,"눈꽃",12.94,-63.339,0,"YukihiroD",41.529,-93.711,0,"Gonyong",10.107,-120.713,0,"SUGUN",-33.661,-111.842,0,4405.488,-1.659,-65.2,4405.847,3,"아침땅_",-1.686,-61.955,0,0,,,,,290,1
168,8,0,1,5,0,0,0,0,0,0,255,255,255,87,4443.261,"_Chun",L,10,86,128,-0.454,0.979,-0.447,2.196,-0.185,2.617,-36.623,59.837,74,23,3,0,0,0,400,-5.662,0,0,0,6,8,R,"SUGUN",180,82.092,0.496,0,48,W,Y,0,0,0,0,0,0,0,0,0,0,0,0,0,0,0,0,-0.089,-37.407,0,"ddil_ddil69",-0.002,-17.599,0,"_Gosomi",-21.052,-46.425,0,"ゆっち一",-14.485,-64.369,0,"Yaksok~",21.027,-54.56,0,"Riyaj",12.784,-63.999,0,"k@ster",39.725,-104.438,0,"うよすま",-4.321,-115.065,0,"소솨소솨",-42.943,-94.631,0,0,0,0,0,0,"",0,0,0,0,4445.205,,,,0,0
169,8,0,1,5,0,1,0,0,0,0,255,255,255,88,4457.289,"_Chun",L,26,90,140,0.015,0.935,-0.407,2.136,-0.043,1.96,-36.623,54.059,74,25,1,2,0,45.776,-200,-17.369,0,0,1,6,8,R,"SUGUN",180,82.092,0.496,3,48,W,Y,4458.183,111,44,55,39,14,130,119,-30,34.027,0.73,0,0.192,-206.428,426.99,207.214,-0.344,-36.733,0,"ddil_ddil69",-0.092,-17.658,0,"_Gosomi",-20.967,-46.701,87,"ゆっち一",-13.828,-64.659,0,"Yaksok~",21.003,-54.544,0,"Riyaj",12.634,-63.965,0,"k@ster",39.737,-104.454,0,"うよすま",-5.199,-115.636,0,"소솨소솨",-43.456,-94.731,0,4458.288,-1.305,-21.095,4459.806,2,"_Gosomi",-16.376,-42.639,0,0,,,,,66,2
170,8,0,1,5,0,0,1,0,0,0,255,255,255,89,4477.136,"_Chun",L,10,75,104,-3.133,4.273,-0.21,2.346,1.115,2.846,-36.623,71.093,71,27,1,2,0,0,396.514,-9.788,0,0,1,7,1,R,"Penguin_iDOL",190,80,0.404,3,69,W,Y,4478.363,224,119,119,75,40,145,91,-24.556,-38.08,-0.8,0,0.535,-491.455,-311.659,125.715,-0.111,-36.875,0,"ddil_ddil69",0.073,-17.632,0,"_Gosomi",-21.138,-46.571,0,"ゆっち一",-14.859,-63.934,71,"Yaksok~",21.286,-53.03,106,"Riyaj",10.021,-64.003,0,"k@ster",36.864,-104.316,0,"うよすま",-9.182,-118.111,0,"소솨소솨",-42.538,-92.891,0,4478.422,2.661,-22.695,4485.447,4,"Yaksok~",39.438,-36.598,1,0,,,,,11,2
171,8,0,1,5,0,0,1,1,0,0,11,255,255,90,4509.457,"_Chun",L,26,85,138,1.585,0.582,-0.27,2.074,0.58,1.688,-36.623,42.13,80,20,0,1,0,86.763,-200,-20.013,0,0,0,8,3,R,"아침땅_",164.7,94.757,0.5,0,70,W,Y,0,0,0,0,0,0,0,0,0,0,0,0,0,0,0,0,0.02,-37.084,0,"ddil_ddil69",0.178,-17.554,0,"_Gosomi",-21.279,-46.956,0,"ゆっち一",-14.8,-65.674,0,"Yaksok~",18.286,-49.455,0,"Riyaj",10.64,-62.662,0,"k@ster",39.442,-103.161,0,"うよすま",-4.07,-111.278,0,"소솨소솨",-37.573,-91.004,0,0,0,0,0,0,"",0,0,0,0,4510.955,,,,0,0
172,8,0,1,5,1,0,1,1,0,0,11,255,255,91,4523.208,"_Chun",L,14,80,105,1.088,1.068,-0.052,2.291,1.239,2.693,-36.623,52.816,80,20,0,0,0,-372.687,312.348,-34.94,0,0,0,8,3,R,"아침땅_",164.7,94.757,0.5,0,70,W,Y,0,0,0,0,0,0,0,0,0,0,0,0,0,0,0,0,0.163,-37.214,0,"ddil_ddil69",0.106,-17.636,0,"_Gosomi",-21.686,-47.743,0,"ゆっち一",-13.527,-64.514,0,"Yaksok~",18.281,-49.458,0,"Riyaj",9.078,-63.509,0,"k@ster",39.411,-103.141,0,"うよすま",-3.926,-112.616,0,"소솨소솨",-39.362,-91.825,0,0,0,0,0,0,"",0,0,0,0,4524.806,,,,0,0
173,8,0,1,5,1,1,1,1,0,0,11,255,255,92,4538.64,"_Chun",L,10,86,128,-0.31,-1.133,-0.348,2.129,0.39,1.816,-36.623,50.43,77,23,0,2,0,0,400,-13.143,0,0,1,8,3,R,"아침땅_",164.7,94.757,0.5,3,70,W,Y,4539.586,198,93,107,70,32,145,124,-12.412,12.389,0.45,0.095,0.268,-472.032,343.734,105.546,-0.395,-36.785,0,"ddil_ddil69",-0.008,-17.541,0,"_Gosomi",-21.413,-47.443,85,"ゆっち一",-13.272,-64.607,73,"Yaksok~",18.228,-49.448,0,"Riyaj",10.909,-62.68,101,"k@ster",39.486,-103.321,0,"うよすま",-4.143,-110.444,0,"소솨소솨",-39.376,-91.846,0,4539.597,-0.431,-22.741,4541.163,3,"ゆっち一",-9.079,-61.385,1,0,,4544.77,,,330,2
174,8,0,1,5,0,0,2,1,0,0,13,255,255,93,4565.803,"_Chun",L,26,82,133,1.011,1.982,-0.349,2.191,0.418,2.563,-36.623,55.899,71,29,0,1,0,23.251,-168.744,-11.845,0,0,0,0,7,R,"Gonyong",175,85,0.2,0,70,W,Y,0,0,0,0,0,0,0,0,0,0,0,0,0,0,0,0,-0.133,-37.164,0,"ddil_ddil69",-0.002,-17.53,0,"_Gosomi",-21.321,-45.682,0,"ゆっち一",-14.518,-63.824,0,"Yaksok~",17.523,-48.996,0,"Riyaj",10.45,-63.814,0,"k@ster",39.697,-102.905,0,"うよすま",-3.824,-111.174,0,"소솨소솨",-39.724,-91.937,0,0,0,0,0,0,"",0,0,0,0,4567.613,,,,0,0
175,8,0,1,5,1,0,2,1,0,0,13,255,255,94,4580.271,"_Chun",L,10,91,128,2.636,-0.992,-0.208,1.893,1.034,1.477,-36.623,30.433,81,19,0,2,0,77.81,400,-15.467,0,0,0,0,7,R,"Gonyong",175,85,0.2,3,43,W,Y,4581.318,110,113,62,52,19,135,91,-47.192,-10.443,-0.2,0,0.35,-19.469,-87.538,90.888,-0.037,-37.044,0,"ddil_ddil69",-0.04,-17.64,0,"_Gosomi",-21.89,-45.639,0,"ゆっち一",-14.449,-64.221,0,"Yaksok~",17.51,-48.989,0,"Riyaj",9.31,-63.17,109,"k@ster",39.654,-103.139,0,"うよすま",-4.564,-111.886,0,"소솨소솨",-40.427,-92.553,0,4581.297,0.598,-20.282,4584.097,5,"Riyaj",6.862,-54.127,0,0,,,,,320,2
176,9,1,1,5,0,0,0,0,0,0,255,255,255,80,4639.019,"Gonyong",R,10,76,105,-0.8,-1.801,0.188,1.434,-0.353,1.074,-36.89,16.679,49,51,0,1,0,0,400,1.875,-0.183,-18.731,0,2,8,R,"소솨소솨",190,80,0.498,0,70,W,Y,0,0,0,0,0,0,0,0,0,0,0,0,0,0,0,0,-0.587,-37.953,0,"Penguin_iDOL",-0.245,-17.035,0,"Kr_Luna",-20.969,-48.132,0,"아침땅_",-17.168,-63.948,0,"시즈카_Shizuka",22.755,-54.026,0,"HANA_ARASHI",10.504,-64.873,0,"YukihiroD",32.724,-94.83,0,"눈꽃",-10.262,-116.54,0,"SUGUN",-48.972,-97.871,0,0,0,0,0,0,"",0,0,0,0,4640.646,,,,0,0
177,9,1,1,5,1,0,0,0,0,0,255,255,255,81,4650.564,"Gonyong",R,13,60,103,-1.911,-0.943,0.296,1.638,-0.026,1.443,-36.89,18.897,42,58,0,4,0,-389.17,277.96,1.389,0,0,1,2,8,R,"소솨소솨",190,80,0.498,0,70,W,Y,0,0,0,0,0,0,0,0,0,0,0,0,0,0,0,0,-0.123,-38.162,0,"Penguin_iDOL",-0.172,-16.908,0,"Kr_Luna",-20.231,-46.739,0,"아침땅_",-16.604,-63.755,0,"시즈카_Shizuka",22.774,-53.232,0,"HANA_ARASHI",10.486,-64.776,0,"YukihiroD",32.778,-94.571,0,"눈꽃",-10.457,-116.602,0,"SUGUN",-45.795,-91.691,0,0,0,0,0,0,"",0,0,0,0,4652.238,,,,0,0
178,9,1,1,5,1,1,0,0,0,0,255,255,255,82,4664.723,"Gonyong",R,0,51,94,-3.302,0.941,-0.07,1.965,-1.436,2.217,-36.89,49.3,92,8,0,4,0,0,0,2.493,0,0,1,2,8,R,"소솨소솨",190,80,0.498,0,70,W,Y,0,0,0,0,0,0,0,0,0,0,0,0,0,0,0,0,-0.233,-38.075,0,"Penguin_iDOL",-0.548,-16.678,0,"Kr_Luna",-20.177,-46.717,0,"아침땅_",-18.022,-65.929,0,"시즈카_Shizuka",22.657,-53.986,0,"HANA_ARASHI",10.485,-64.808,0,"YukihiroD",32.502,-94.741,0,"눈꽃",-12.061,-115.548,0,"SUGUN",-46.143,-90.998,0,0,0,0,0,0,"",0,0,0,0,4666.455,,,,0,0
179,9,1,1,5,1,2,0,0,0,0,255,255,255,83,4681.085,"Gonyong",R,14,63,93,-0.395,-0.941,-0.002,1.668,-0.942,1.579,-36.89,11.85,100,0,0,2,0,324.117,320.985,1.186,0,0,1,2,8,R,"소솨소솨",190,80,0.498,3,70,W,Y,4682.393,241,152,98,78,58,145,120,-11.872,28.42,0.17,0,0.569,-124.797,563.629,-80.812,-0.07,-38.215,0,"Penguin_iDOL",-0.395,-16.924,0,"Kr_Luna",-19.122,-46.339,64,"아침땅_",-17.561,-65.207,98,"시즈카_Shizuka",22.804,-54.09,0,"HANA_ARASHI",10.076,-64.771,0,"YukihiroD",32.482,-94.723,0,"눈꽃",-12.05,-115.538,0,"SUGUN",-53.063,-97.514,0,4682.472,-1.73,-23.538,4684.389,3,"아침땅_",-19.213,-60.352,0,0,,,,,288,2
180,9,1,1,5,0,0,1,0,0,0,255,255,255,84,4700.666,"Gonyong",R,4,55,93,2.344,1.015,0.392,1.734,0.128,1.646,-36.89,50.88,85,15,0,2,0,-162.081,0,1.543,0,0,1,3,3,L,"ゆっち一",180.9,83.623,0.399,3,70,W,Y,4702.013,255,124,96,71,42,145,128,26.103,-12.331,0.53,0,0.405,128.037,113.16,-226.662,-0.308,-37.897,0,"Penguin_iDOL",-0.077,-17.114,0,"Kr_Luna",-19.959,-45.775,0,"아침땅_",-12.696,-66.383,0,"시즈카_Shizuka",22.732,-55.287,0,"HANA_ARASHI",12.743,-62.854,0,"YukihiroD",44.732,-103.477,0,"눈꽃",11.031,-119.255,0,"SUGUN",-39.669,-108.005,0,0,0,0,4707.13,7,"눈꽃",22.319,-127.49,0,0,,,,,4,1
181,9,1,1,5,0,0,2,0,0,0,255,255,255,85,4725.813,"Gonyong",R,3,65,110,0.483,1.519,0.53,1.909,0.85,2.49,-36.89,62.145,83,17,0,1,0,-339.945,0,2.906,0,0,0,4,7,R,"うよすま",175.4,85,0.496,0,70,W,Y,0,0,0,0,0,0,0,0,0,0,0,0,0,0,0,0,-0.388,-38.2,0,"Penguin_iDOL",0.002,-16.815,0,"Kr_Luna",-19.931,-47.119,0,"아침땅_",-16.094,-63.081,0,"시즈카_Shizuka",22.815,-52.406,0,"HANA_ARASHI",10.964,-63.151,0,"YukihiroD",33.543,-94.858,0,"눈꽃",-18.111,-111.263,0,"SUGUN",-41.241,-90.647,0,0,0,0,0,0,"",0,0,0,0,4727.271,,,,0,0
182,9,1,1,5,1,0,2,0,0,0,255,255,255,86,4738.979,"Gonyong",R,28,74,125,1.151,0.926,0.381,1.812,0.365,2.037,-36.89,55.027,79,16,5,2,0,76.589,-86.343,7.366,0,0,1,4,7,R,"うよすま",175.4,85,0.496,3,70,W,Y,4740.112,202,86,125,79,31,145,107,16.606,-35.327,0.09,0,0.443,-27.945,350.727,-24.174,-0.258,-37.798,0,"Penguin_iDOL",0.065,-17.066,0,"Kr_Luna",-20.587,-46.394,0,"아침땅_",-16.359,-62.741,0,"시즈카_Shizuka",22.789,-52.358,0,"HANA_ARASHI",11.023,-63.542,0,"YukihiroD",33.259,-90.019,0,"눈꽃",-16.504,-114.048,0,"SUGUN",-45.933,-92.966,0,4743.155,38.566,-81.366,4743.396,6,"YukihiroD",37.753,-79.859,0,0,,,,,2,1
